1951,1,0,0,0,0,0,0,0,0,0,0,0,0,0,0,0
1951,2,0.01,0,0,0.08,0,0,0,0,NA,0,0,0,0,0.29,0
1951,3,0.59,0.11,0.69,0.28,0.72,0.1,0.29,0.03,NA,0,0.23,0.24,0.11,0.64,0.24
1951,4,0,0.01,0,0.03,0.11,0.07,0,0.19,0.02,0.04,0.02,0,0.22,0.03,0.01
1951,5,0,0,0,0,0,0.01,0,0.01,0,0.06,0,0,0,0,0
1951,6,0,0,0,0,0,0,0,0,0,0,0,0,0,0,0
1951,7,0,0,0,0,0,0,0,0,0,0,0,0,0,0,0
1951,8,0.02,0,0,0.08,0.1,0.01,0,0,0,0,0.08,0,0,0.34,0.02
1951,9,0,0,0,0,0,0,0,0.02,0.04,0,0.01,0,0,0.03,0.01
1951,10,0.78,0.51,0.81,0.93,1.06,0.35,0.49,0.9,0.84,0.47,0.76,1.07,0.11,1.06,0.76
1951,11,0.33,0.29,1.05,0.69,1.42,0.1,0.4,0.33,0.64,0.4,0.33,1.18,0.26,0.52,0.58
1951,12,0,0,0.09,0,0.02,0.48,0,0.05,0,0,0,0.03,0.4,0.03,0
1951,13,0,0,0,0,0,0,0,0,0,0,0,0,0,0,0
1951,14,0,0,0,0,0,0,0,0,0,0,0,0,0,0,0
1951,15,0.62,0,0.34,0.59,0.61,0,0.2,0,NA,0,0.35,0.49,0,0.85,0.07
1951,16,0,0.05,0.12,0.09,0.25,0.23,0.02,0.32,NA,0.21,0.04,0.04,0.51,0.27,0.59
1951,17,0.6,0.03,0.18,0.81,1.35,0.01,0,0.07,0.38,0.22,0.51,0.98,0.29,0.67,0
1951,18,0.86,0.15,2.8,0.67,3.03,0.32,1.16,0.32,0.65,0.54,0.6,0.61,0.84,0.6,0.49
1951,19,0.03,0.09,0.25,0.18,0.83,0.34,0.1,0,0.34,0.03,0.11,0.05,1.59,0.31,0.02
1951,20,0,0,0,0,0,0.01,0,0.19,0,0,0,0.02,0,0.03,0
1951,21,0.41,0,0.05,1.54,1.12,0,0,0.14,NA,0,0.47,0,0.02,2.94,0.85
1951,22,0.78,0.16,1.26,0.2,2.6,0.05,0.12,1.06,NA,0,0.49,0.43,2.62,0.77,0.32
1951,23,0,0,0,0,0,0.02,0,0.02,0,0,0,0,0,0,0
1951,24,0,0,0,0,0,0.01,0,0,0,0,0,0.03,0,0,0
1951,25,0,0,0,0,0,0,0,0,0,0,0,0,0,0,0.02
1951,26,0,0,0,0,0,0,0,0,0,0,0,0,0,0,0
1951,27,0,0,0,0,0,0.01,0,0,0,0,0,0,0,0,0
1951,28,0,0,0,0,0,0,0,0,0,0,0,0,0,0,0
1951,29,0,0,0.17,0.03,0.13,0.11,0.1,0.02,0,0.53,0,0.14,0,0,0
1951,30,0,0,0,0,0,0,0,0.12,0.02,0,0.03,0,0.03,0,0
1951,31,0,0,0,0,0,0,0,0,0,0,0,0,0,0,0
1952,1,0,0,0,0,0,0,0,0,0,0,0,0,0,0,0
1952,2,0,0,0,0,0,0,0,0,0,0,0,0.04,0,0,0
1952,3,0,0,0,0,0,0,0,0,0,0,0,0,0,0.01,0
1952,4,0,0,0,0.02,0,0,0,0,0,0,0,0,0,0.03,0
1952,5,0,0,0,0,0,0,0,0,0,0,0,0,0,0,0
1952,6,1,0.12,0.41,1.14,0.41,0.15,0.31,0.29,0.75,0.11,0.73,2,0,0.98,0.59
1952,7,0.31,0.3,0.73,0.22,0.22,0.45,0.03,0.34,0.19,0.64,0.08,0.04,0.13,0.16,0.01
1952,8,0,0.26,0.15,0.49,0.3,0.23,0.14,0.43,0.49,0.25,0.33,0.33,0.19,0.23,0.48
1952,9,0,0,0,0,0,0,0,0,0,0,0,0,0,0,0
1952,10,0.24,0,0.1,0.76,0.45,0.01,0.08,0.21,0.33,0.01,0.47,0.15,0.01,0.75,0.09
1952,11,1.07,0.02,0.46,1.37,1.78,0.05,0.25,0.1,0.14,0.02,1,0.68,1.12,0.91,1.37
1952,12,1.27,1.94,1.76,0.97,2.74,3.45,1.94,2.12,1.56,0.75,0.86,2.22,2.19,0.43,1.08
1952,13,0.28,0.34,0.67,0.46,1.06,0.2,0.08,0.9,0.54,0.38,0.57,0.36,0.9,0.22,0.42
1952,14,1.06,0.98,0.94,1.6,0.53,0.15,0.56,0.47,1.28,0.13,1.61,1.12,1.17,2,1.35
1952,15,0.67,0.55,1.42,0.59,1.94,0.8,0.26,0.34,0.75,0.89,0.83,0.58,3.79,1.05,0.66
1952,16,0.67,0.05,0.35,0.67,1.22,0.19,0.09,0.04,0.28,0.31,0.96,0.27,1.22,0.73,0.28
1952,17,0.16,0.64,0.17,0.18,0.14,0.47,0.18,1.29,0.99,0.44,0.2,0.18,0.01,0.47,0.37
1952,18,0,0.01,0,0,0,0.02,0,0,0,0.26,0,0,0,0,0
1952,19,0,0,0,0.03,0,0,0,0,0,0,0.03,0,0,0.05,0
1952,20,0.34,0.09,0.39,0.62,0.81,0,0.21,0.18,0.2,0.02,0.27,0.52,0.27,0.6,0.21
1952,21,0.37,0.08,0.03,0.12,0.52,0.25,0.03,0,0.33,0,0.22,0.07,0.67,0.16,0.45
1952,22,0,0,0.02,0,0.05,0.03,0,0,0.05,0,0,0,0.11,0,0
1952,23,0,0,0,0,0,0,NA,0,0,0,0,0,0,0.03,0
1952,24,1.03,0.6,0.83,3.04,2.44,0.17,NA,0.5,0.82,0.45,1.47,2.85,NA,0.87,1.9
1952,25,0.39,1.01,1.7,0.79,1.63,0.77,NA,1.73,1.2,0.86,0.64,2.06,1.53,0.3,1.27
1952,26,0,0.01,0.77,0.13,0.79,0.18,NA,0.47,0.07,0.01,0.07,0.13,0.3,0.16,0
1952,27,0,0,0,0,0,0.01,NA,0,0,0,0,0,0,0,0
1952,28,0,0.01,0,0,0,0,NA,0,0,0,0,0,0,0,0
1952,29,0,0.02,0,0,0,0,NA,0,0,0,0,0,0,0,0
1952,30,0.02,0,0,0.11,0.28,0,NA,0,0,0,0.05,0,0,0.07,0
1952,31,0.04,0.05,0.27,0.1,1.32,0.02,0.15,0.06,0.08,0.01,0.07,0,0.68,0.21,0.05
1953,1,0.03,0.11,0.11,0.6,0.36,0,0.01,0.17,0.06,0,0.22,0.12,0,1.34,0.38
1953,2,0.04,0.11,0.05,0,0.06,0.1,0,0.09,0.13,0,0.01,0,0,0.14,0.03
1953,3,0,0,0,0,0,0,0,0,0,0,0,0,0,0,0
1953,4,0,0,0,0,0,0,0,0,0,0,0,0,0,0,0
1953,5,0,0,0,0,0,0,0,0,0,0,0,0,0,0,0
1953,6,0.68,0.6,0.5,1.01,1.21,0.5,0.22,0.38,0.64,0.75,0.66,0.34,0.74,1.33,0.74
1953,7,0.59,0.69,0.34,1.87,1.16,0.37,0.38,0.85,0.61,0.36,0.74,0.87,0.58,1.01,1.36
1953,8,0.46,0.08,0.28,1.75,2.15,0.07,0.19,0.3,0.11,0.36,0.23,0.84,0.37,0.63,0.37
1953,9,0.43,0.08,0.08,2.11,3.48,0.12,0.01,0.25,0.66,0,0.26,0.05,1.44,2.49,0.25
1953,10,0.03,0,0,0,0,0.04,0,0.01,0.04,0,0.02,0,0.2,0.06,0
1953,11,0.44,0,0,0.03,0,0,0,0,0,0.01,0,0,0,0.02,0
1953,12,0.01,0.2,0.13,1.5,0.88,0,0.15,0.15,0.08,0,0.38,0.31,0,1.15,0.82
1953,13,0.1,0.51,0.64,0.3,2.7,0.1,0.15,0.35,0.65,0.19,0.29,0.34,0.46,0.54,0.55
1953,14,0.4,0.1,0.73,0.29,0.68,0.27,0.22,0.18,0.9,0.03,0.37,0.13,1.22,0.77,0.22
1953,15,0,0,0,0,0,0.04,0,0,0,0,0,0,0.04,0,0
1953,16,0,0,0,0,0,0,0,0,0,0,0,0,0,0,0
1953,17,0.32,0.03,0.29,0.59,0.61,0.01,0.04,0.04,0.03,0,0.45,0.11,0,1.42,0.06
1953,18,0.27,0.02,1.03,0.14,1.42,0,0.14,0.17,0.28,0,0.19,0.09,0.52,1.3,0.08
1953,19,0.36,0.11,0.05,0.36,0.97,0.08,0.02,0.23,0.34,0,0.4,0.05,0.09,0.59,0.29
1953,20,0.54,0,0.78,0.4,1.98,0,0.48,0.03,0.11,0.01,0.45,0.25,0.08,0.82,0.59
1953,21,0,0.22,0.03,0,0,0.37,0,0,0.39,0,0.01,0.03,1.03,0.04,0
1953,22,0,0,0,0,0,0,0,0,0,0,0,0,0,0,0
1953,23,0,0,0,0,0,0,0,0,0,0,0,0,0,0,0
1953,24,0,0,0,0,0,0,0,0,0,0,0,0,0,0,0
1953,25,0,0,0,0.02,0,0,0,0,0,0,0,0,0,0.01,0
1953,26,0,0,0,0,0,0,0,0,0,0,0,0,0,0.02,0
1953,27,0,0,0,0,0,0,0,0,0,0,0,0,0,0,0
1953,28,0,0,0,0,0,0,0,0,0,0,0,0,0,0,0
1953,29,0,0,0,0,0,0,0,0,0,0,0,0,0,0,0
1953,30,0,0,0,0,0,0,0,0,0,0,0,0,0,0,0
1953,31,0,0,0,0,0,0,0,0,0,0,0,0,0,0,0
1954,1,0,0,0,0,0,0,0,0,0,0,0,0,0,0.02,0
1954,2,0,0,0,0,0,0,0,0,0,0,0.15,0,0,0,0
1954,3,0.19,0.02,0.2,0.7,0.78,0,0.06,0.1,0.09,0,0,0.18,0.2,0.4,0
1954,4,0,0,0,0,0.03,0,0,0,0,0,0,0.02,0,0,0
1954,5,0,0,0,0,0,0,0,0,0,0,0,0,0,0,0
1954,6,0.25,0,0.04,0.46,0.14,0,0.04,0,0,0,0.01,0,0,0.08,0
1954,7,0.02,0.19,0.56,0.22,1.33,0.07,0.03,0.25,0.29,0.02,0.24,0.1,0.48,0.42,0
1954,8,0,0,0,0,0,0.08,0,0,0,0,0,0.03,0.02,0.02,0
1954,9,0,0,0,0,0,0,0,0,0,0,0,0,0,0,0
1954,10,0,0,0,0.1,0,0,0,0,0,0,0,0,0,0.03,0
1954,11,0.59,0.01,0.01,0.34,0,0.28,0,0,0.23,0.19,0.58,0.42,0,0.24,0.19
1954,12,0,0.04,0.06,0,0,0.08,0.02,0.32,0,0.64,0.01,0.52,0,0.1,0.02
1954,13,0,0,0,0,0,0.01,0,0,0,0.02,0,0,0,0,0
1954,14,0,0,0,0,0,0,0,0,0,0,0,0,0,0,0
1954,15,0,0,0,0.27,0,0,0,0,0.07,0,0,0,0,0.45,0
1954,16,0.86,0.23,0,5.6,1.2,0,0.1,0.51,0.35,0,1.65,0.02,0.14,3.7,2.02
1954,17,1.17,2.27,2.07,2.22,1.65,0.72,0.86,1.64,1.81,0.43,1.78,0.92,1.21,2.72,2.34
1954,18,0,0,0.06,0,0.34,0.02,0,0,0.02,0,0.02,0.06,0.1,0,0
1954,19,0,0,0,0,0.04,0.04,0,0,0.04,0.6,0,0,0,0.05,0
1954,20,0,0,0,0,0,0,0,0,0,0.03,0,0.03,0,0,0
1954,21,0,0,0,0,0,0,0,0,0,0,0,0,0,0,0
1954,22,0.07,0.12,0,0.8,0.16,0.03,0.03,0.41,0.06,0,0.22,0,0,0.32,0.23
1954,23,0.35,0.12,0.64,0.89,3.97,0.14,0.31,0.27,0.4,0.01,0.36,1.23,1.88,0.97,0.52
1954,24,0.17,0.1,1.16,0,0.57,0.25,0.24,0.02,0.09,1.1,0.03,0.35,0.47,0,0.16
1954,25,0,0.08,0.1,0,0,0.42,0.03,0.01,0.12,0.01,0,0.72,0.41,0,0
1954,26,0,0,0,0.26,0,0.05,0,0,0.01,0,0.01,0,0,0.3,0.01
1954,27,0,0,0,0.02,0.04,0,0,0,0,0,0,0,0,0.09,0
1954,28,0,0,0,0.2,0.03,0,0,0.01,0,0,0.02,0,0.02,0.15,0
1954,29,0,0,0,0.2,0.01,0,0,0,0,0,0.03,0,0,0.25,0.09
1954,30,0,0.05,0,0,0,0,0,0.09,0.02,0,0,0,0,0.01,0
1954,31,0,0,0,0,0,0,0,0,0,0.01,0,0,0,0,0
1955,1,1.21,0.09,1.26,0.1,2.09,0.75,0.54,0.3,0.21,0.28,0.15,1.15,0.92,0.3,0.23
1955,2,0,0.02,0.17,0,0.31,0,0,0.01,0,0,0,0,0.35,0,0
1955,3,0,0,0,0,0,0,0,0,0,0,0,0,0,0,0
1955,4,0.01,0,0,0,0,0,0,0,0,0,0.01,0,0,0,0
1955,5,0.02,0.03,0,0,0,0.1,0.04,0.01,0.05,0.03,0.09,0.08,0,0,0.03
1955,6,0,0,0,0,0,0,0,0,0,0,0,0,0,0,0
1955,7,0,0,0,0,0,0,0,0,0,0,0,0,0,0,0
1955,8,0,0,0,0,0,0,0,0,0.03,0,0,0,0,0,0
1955,9,0.69,0.04,0.06,0.82,0.11,0.29,0.5,NA,0.52,0.07,0.73,1.05,0,0.34,0.45
1955,10,0.53,0.62,0.61,0.16,0.45,0,0.06,NA,0,0.98,0.52,0.37,0.39,0,0.14
1955,11,0,0,0,0,0,0,0,0,0,0.01,0,0,0,0,0
1955,12,0,0.01,0,0,0,0,0,0,0,0,0,0,0,0,0
1955,13,0,0,0,0,0,0,0,0,0,0,0,0,0,0,0
1955,14,0,0,0,0,0,0,0,0,0,0,0,0,0,0,0
1955,15,0.53,0,0,0.48,0.85,0,0.33,0.2,0,0.01,0.33,0.76,0,0.5,0.33
1955,16,0.26,0.36,1.61,0.18,0.86,0.5,0.51,0.64,0.6,0.47,0.18,0.78,0.99,0.3,0.15
1955,17,0.08,0,0,0.3,0,NA,0,0,0,0,0,0,0,0.05,0
1955,18,0.99,0.9,1.32,0.68,1.51,0,0.73,0.95,0.93,1.15,0.97,1.56,0.37,0.9,1.14
1955,19,0.4,0.18,0.5,0.43,0.62,0.15,0.48,0.28,0.35,0.17,0.48,0.31,0.23,1.04,0.3
1955,20,0,0.13,0.03,0,0,0.25,0,0.09,0.02,0.01,0,0,0.07,0,0
1955,21,0,0,0,0,0,0.04,0,0,0,0,0,0,0,0,0
1955,22,0,0,0,0,0,0.02,0,0,0,0,0,0,0,0,0
1955,23,0,0,0,0,0,0.01,0,0,0,0,0,0,0,0,0
1955,24,0,0.01,0,0,0,0,0,0,0,0,0,0,0,0,0
1955,25,0,0.01,0,0,0,0,0,0,0,0,0,0,0,0,0
1955,26,0,0.01,0,0,0,0,0,0,0,0,0,0,0,0,0
1955,27,0,0.01,0,0,0,0,0,0,0,0,0,0,0,0,0
1955,28,0,0.01,0,0,0,0,0,0,0,0,0,0,0,0,0
1955,29,0,0,0,0,0,0,0,0,0,0,0,0,0,0,0
1955,30,0.71,0,0.04,0.69,0.05,0,0.14,0.02,0,0.14,0.58,0.47,0.04,0.11,0.4
1955,31,0.03,0.25,0.1,0,0.08,0.34,0.07,0.08,0.33,0.25,0.02,0.05,0,0.01,0.05
1956,1,0.15,0.21,0.22,1,0.83,0.07,0.29,0.32,0.28,0,0.4,0.95,0.2,0.54,0.42
1956,2,0,0.01,0.22,0.01,0.27,0.08,0.03,0.01,0,0.01,0,0.02,0.07,0,0
1956,3,0,0,0,0,0,0.04,0,0,0,0,0,0.09,0,0.01,0
1956,4,0.35,0,0,1.33,0.37,0.02,0.02,0.01,0,0,0.13,0.09,0,0.63,0.33
1956,5,0.01,0.14,1.34,0.26,3.22,0.27,0.65,0.12,0.42,0.2,0.11,1.09,3.69,0.32,0.14
1956,6,0.01,0.08,0,0.21,0.03,0.09,0.03,0.03,0.02,0.13,0.01,0,0.28,0.1,0.01
1956,7,0.67,0,0,2.77,0.2,0,0.09,0.15,0.05,0,1.01,0.07,0,1.88,0.41
1956,8,0,0.48,0.62,0.1,0.84,0.38,0.46,0.66,0.77,0.07,0.08,0.18,0.61,0.18,0.09
1956,9,0.02,0,0,0.65,0.04,0,0.02,0.01,0,0,0.03,0,0,0.19,0.02
1956,10,0.33,0.26,0.25,0.79,0.68,0.18,0.29,0.28,0.25,0.02,0.33,0.36,0.02,0.65,0.33
1956,11,0,0.06,0.03,0,0.02,0.05,0,0.03,0.05,0,0,0,0.3,0.01,0
1956,12,0,0.02,0,0.11,0,0,0,0.02,0,0,0,0,0,0.03,0.02
1956,13,0,0,0,0.36,1.06,0,0,0.21,0.15,0,0.22,0.11,0,0.25,0.11
1956,14,1.35,0.61,1.36,2.72,2.6,0.38,0.94,1.45,0.76,0.05,2.54,1.05,0.5,3,0.97
1956,15,1.42,0.45,1.6,1.32,2.8,0.5,0.95,2.11,0.98,0,1.54,1.65,0.5,1.7,0.64
1956,16,0,0.37,0.24,0,0.07,0.6,0,0.4,0.79,0.08,0,0,1.39,0.04,0
1956,17,0,0,0,0.01,0,0,0,0,0,0,0,0,0,0.03,0
1956,18,0.11,0.11,0.07,0.21,0.08,0.09,0.04,0.05,0.1,0,0.15,0.09,0.03,0.45,0.19
1956,19,0.08,0,0.05,0.09,0.27,0,0,0.03,0,0,0.07,0.05,0,0.25,0
1956,20,0.48,0.52,0.32,0.77,0.59,0.58,0.53,0.54,0.7,0.12,0.68,0.74,0.12,0.68,0.62
1956,21,0.01,0.02,0.09,0.03,0.41,0.05,0.01,0.06,0.03,0,0.05,0.03,0.07,0.06,0.02
1956,22,0.39,0.11,0.67,0.53,1.15,0.18,0.22,0.1,0.25,0,0.44,0.39,0.03,0.63,0.45
1956,23,0.18,0.18,0.66,0.03,0.9,0.1,0.13,0.71,0.2,0.06,0.06,0.41,1.34,0.14,0.03
1956,24,0.17,0.05,0,0.15,0.03,0.01,0,0,0.08,0,0.08,0.03,0.1,0.14,0.05
1956,25,0.68,1.56,0.45,1.17,1.61,0.39,0.47,1.18,1.31,2.2,1,1.25,1.12,1.02,1.87
1956,26,0.31,0.36,NA,1.19,2,0.26,0.3,0.33,0.52,0.53,0.41,0.36,0.51,0.77,0.85
1956,27,0.51,0.23,NA,0.81,1.22,0.57,0.15,0.36,0.19,0.32,0.51,0.26,2.04,0.33,0.4
1956,28,0,0.36,0,0,0,0.6,0,0.03,0.26,0.01,0,0.07,0.01,0,0
1956,29,0,0,0,0,0,0,0,0,0,0,0,0,0,0,0
1956,30,0,0,0,0,0,0,0,0,0,0,0,0,0,0,0
1956,31,0,0,0,0,0,0,0,0,0,0.02,0,0,0,0,0
1957,1,0,0,0,0,0,0,0,0,0,0,0,0,0,0,0
1957,2,0,0,0,0,0,0,0,0,0,0,0,0,0,0,0
1957,3,0,0,0,0,0,0,0,0,0,0,0,0,0,0,0
1957,4,0,0,0,0.13,0,0,0,0,0,0.07,0.03,0.03,0,0,0
1957,5,0,0,0.12,0.03,0,0.03,0,0,0.01,0.82,0.01,0.24,0,0,0.02
1957,6,0,0,0,0,0,0.05,0.04,0.24,0,0.06,0,0.21,0.01,0,0
1957,7,0,0,0,0,0,0,0,0,0,0,0,0,0,0,0
1957,8,0.11,0.02,0.31,0.21,0.72,0.02,0.12,0,0.12,0,0.11,0.18,0.26,0.44,0.05
1957,9,0,0,0,0,0,0.21,0,0,0,0,0,0,0.45,0.01,0
1957,10,0,0,0,0,0,0,0,0,0,0,0,0,0,0,0
1957,11,0,0,0,1.36,0,0.07,0,0,0,0,0.04,0,0,0.6,0.12
1957,12,1.11,0.09,0.06,1.65,0.81,0.01,0.17,0.26,0.2,1.1,0.51,1.38,0.03,1.28,0.68
1957,13,0.26,1.24,0.9,1.78,2.36,0.86,1.12,1.26,1.05,1.21,1.56,1.18,1.87,1.8,0.79
1957,14,0.17,0.11,0,0.58,0.13,0.21,0,0.13,0.35,0,0.09,0.21,0.54,0.54,0.14
1957,15,0.04,0,0,0.08,0.02,0.05,0,0.23,0.08,0,0.16,0.02,0,0.13,0.03
1957,16,0,0,0,0,0,0.02,0,0,0,0,0,0,0,0,0
1957,17,0,0,0,0,0,0,0,0,0,0,0,0,0,0,0
1957,18,0,0,0,0,0,0,0,0,0,0,0,0,0,0,0
1957,19,0,0,0,0,0,0,0,0,0,0,0,0,0,0,0
1957,20,0.93,0.47,1.55,1.1,2.42,0.7,0.8,1.06,1.06,0.4,0.87,1.53,1.41,1.81,0.94
1957,21,0,0,0.18,0,0.07,0.05,0,0.03,0.02,0.08,0,0,0.14,0,0
1957,22,0,0,0,0,0,0,0,0,0,0,0,0,0,0,0
1957,23,0,0,0.02,0,0,0,0,0,0,0.01,0,0,0,0,0
1957,24,0,0,0.02,0.02,0.37,0,0,0,0,0,0.11,0,0,0.09,0.01
1957,25,0.16,0,0.06,0,0.51,0.02,0.08,0,0.05,0.08,0,0.04,0.2,0.07,0
1957,26,0,0.14,0.65,0,0.03,0.3,0.51,0.32,0.01,0.38,0.01,0.74,0.24,0,0.02
1957,27,0,0,0,0,0,0,0,0,0,0.01,0,0.03,0,0,0
1957,28,0.03,0,0,0.02,0,0.02,0,0,0,0.07,0.02,0.11,0,0,0
1957,29,0,0,0,0,0,0.03,0,0,0,0.48,0,0,0,0,0
1957,30,0,0,0,0,0,0,0,0,0,0,0,0,0,0,0
1957,31,0,0,0,0,0,0,0,0,0,0,0,0,0,0,0
1958,1,0.34,0,0,0.63,0,0,0,0,0,0,0.04,0,0,0.14,0
1958,2,0.47,1.2,0.53,0.71,0.67,0.43,0.83,1.18,0.65,0.04,0.52,1.46,0.24,0.4,0.76
1958,3,0,0,0,0,0,0,0,0,0,0,0,0,0,0,0
1958,4,0,0.02,0,0,0,0,0,0,0,0,0,0,0,0,0
1958,5,0,0,0,0,0,0,0,0,0,0,0,0,0,0,0
1958,6,0,0.01,0,0,0,0,0,0,0,0,0,0,0,0,0
1958,7,0,0.01,0,0,0,0,0,0,0,0,0,0,0,0,0
1958,8,0,0.01,0,0.03,0,0,0,0.04,0.02,0,0.02,0,0,0.12,0
1958,9,0.15,0,0,0.06,0,0,0,0,0,0,0,0,0,0.21,0
1958,10,0.98,0.59,0.99,1.21,1.91,0.32,0.93,0.59,0.66,0.47,0.65,0.85,0.81,1.42,0.95
1958,11,0,0.02,0.09,0,0.35,0.05,0.01,0.01,0.02,0,0,0.01,0.23,0.02,0.05
1958,12,0.11,0,0,1.12,0.03,0,0,0,0,0,0.31,0.07,0,0.89,0
1958,13,0,0.05,0.17,0,0.6,0,0.04,0.21,0.12,0,0,0.18,0.24,0.03,NA
1958,14,0,0,0,0,0,0,0,0,0,0,0,0,0,0,NA
1958,15,0,0,0,0.03,0,0,0,0,0,0,0,0,0,0.18,NA
1958,16,0,0.01,0,0,0,0,0,0,0,0,0,0,0,0,NA
1958,17,0,0.01,0,0,0,0,0,0,0,0,0,0,0,0,NA
1958,18,0,0,0,0,0,0,0,0,0,0,0,0,0,0,0
1958,19,0,0,0,0,0,0,0,0,0,0,0,0,0,0,0
1958,20,0.04,0,0,0,0,0,0,0,0,0,0.02,0,0,0.06,0
1958,21,0,0,0,0,0,0,0,0,0,0,0,0,0,0,0
1958,22,0,0,0,0,0,0,0,0,0,0,0,0,0,0,0
1958,23,0.71,0,0,0.9,0,0,0,0,0,0,0.4,0,0,0.89,0.22
1958,24,1,0.46,1.12,1.01,1.87,0.77,0.88,0.79,1.51,1.09,1.34,3.7,0.59,0.69,1.22
1958,25,0.52,0.34,0.15,0.73,1.03,0.1,0.01,0.38,0,0.12,0.3,0,0.73,0.34,0.02
1958,26,0.44,1.78,2.25,1.94,1.86,0.82,1.09,1.48,1.7,1.12,1.06,0.87,0.9,1.4,1.41
1958,27,0,0.01,0.26,0,0.12,0.08,0,0.1,0.1,0,0,0,0.08,0,0
1958,28,0,0,0.03,0.31,0,0,0,0,0.11,0,0,0,0,0.09,0
1958,29,0.58,0.01,0,1.24,1.21,0,0.14,0,0,0,0.79,0.06,0,1.24,0.84
1958,30,0.14,0.36,1,0.12,1.66,0.57,0.48,0.18,0.88,0.09,0.12,0.47,1.21,0.3,0.11
1958,31,0,0.02,0,0,0.02,0.02,0,0,0.06,0,0,0.03,0.13,0,0
1959,1,0,0,0,0,0,0,0,0,0,0,0,0,0,0,0
1959,2,0,0.01,0,0,0,0,0,0,0,0,0,0,0,0,0
1959,3,0,0,0,0,0,0,0,0,0,0,0,0,0,0,0
1959,4,0,0,0,0,0,0,0,0,0,0,0,0,0,0,0
1959,5,1.56,0.39,0.58,5.53,1.06,0.02,0.63,0.43,0.51,0.33,2.43,1.82,0.14,3.32,1.67
1959,6,0.06,1.65,0.81,0.39,1.98,0.66,0.36,0.78,1.65,0.59,0.37,1.62,1.08,0.57,0.9
1959,7,0,0.01,0,0.72,0.09,0.01,0,0.01,0,0,0.09,0.18,0,0.58,0.19
1959,8,0.63,0.02,0.01,2.98,0.05,0,0.09,0.09,0,0,0.25,0.09,0,1.61,0.38
1959,9,1.2,1.28,1.69,2.32,4.06,0.4,1.23,1.15,1.85,0.03,1.61,3.27,1.5,1,2.42
1959,10,0.03,0.15,1.65,0.33,1.87,0.42,0.46,0.05,0.08,0.1,0,1,0.62,0.33,0.01
1959,11,0,0.01,0.01,0.03,0.11,0,0,0,0,0,0,0.03,0.2,0.19,0.69
1959,12,0.41,0.56,0.62,1.86,1.42,0.07,0.66,1.22,0.57,0.27,0.88,1.18,0.31,1.9,0
1959,13,0,0.11,0,0,0.23,0.06,0,0.03,0,0.37,0,0.03,0.54,0,0
1959,14,0,0,0,0,0,0,0,0,0,0,0,0,0,0,0
1959,15,0,0.01,0,0,0,0,0,0,0,0,0,0,0,0,0
1959,16,0,0,0,0,0,0,0,0,0,0,0,0,0,0,0
1959,17,0,0,0,0,0,0,0,0,0,0,0,0,0,0,0
1959,18,0,0,0,0,0,0,0,0,0,0,0,0,0,0,0
1959,19,0,0,0,0,0,0,0,0,0,0,0,0,0,0,0
1959,20,0,0,0,0,0,0,0,0,0,0,0,0,0,0,0
1959,21,0,0,0,0,0,0,0,0,0,0,0,0,0,0,0
1959,22,0,0,0,0,0,0,0,0,0,0,0,0,0,0,0
1959,23,0,0,0,0,0,0,0,0,0,0,0,0,0,0,0
1959,24,0.44,0.11,0.3,0.96,0.7,0,0.44,0.57,0,0,0.34,0.15,0,0.95,0.17
1959,25,0.14,0.32,0.62,0.44,1.49,0.76,0.24,0.13,0.58,0,0.26,0.96,1.33,0.51,0.36
1959,26,0,0,0.01,0,0.1,0.02,0,0,0,0,0,0,0.02,0,0.06
1959,27,0.17,0,0.09,0.1,0.33,0,0,0,0,0,0.1,0,0,0.18,0.12
1959,28,0,0.02,0.03,0,0.37,0.02,0,0.09,0.21,0,0,0.05,0.22,0.1,0
1959,29,0.05,0,0,0,0.02,0,0,0,0,0,0.02,0,0,0.07,0
1959,30,0,0,0,0,0.05,0.01,0,0,0.03,0,0,0.02,0.04,0,0.02
1959,31,0,0,0,0,0,0,0,0,0,0,0,0,0,0,0
1960,1,0,0,0,0,0,0,0,0,0,0,0,0,0,0,0
1960,2,0.02,0,0,0.1,0,0,0,0,0,0,0.04,0,0,0.05,0
1960,3,0,0,0,0,0,0.01,0,0,0.03,0,0,0.03,0,0,0
1960,4,0,0,0,0,0,0,0,0,0,0,0,0,0,0,0
1960,5,0,0,0,0,0,0,0,0,0,0,0,0,0,0,0
1960,6,0,0,0,0,0,0,0,0,0,0,0,0,0,0,0
1960,7,0.11,0,0,0.27,0.34,0,0,0,0.04,0,0.24,0,0,0.27,0.14
1960,8,0.39,0.11,0.46,0.21,2.49,0.01,0.15,0.28,0.28,0,0.23,1.03,0.54,0.35,0.24
1960,9,0.68,0.25,0.4,0.93,0.54,0.47,0.59,0.23,0.4,0,1.02,1.05,0.62,0.25,0.74
1960,10,0.15,0.49,1.26,0.13,1.33,0.52,0.24,0.79,0.33,0.91,0.16,0.68,0.72,0.12,0.12
1960,11,0.67,0.09,0.69,1.24,1.22,0.1,0.61,0.13,0.03,0.22,0.65,2.22,0.16,1.07,0.73
1960,12,0,0.3,0.22,0.02,0.57,0.35,0.12,0.29,0.75,0.01,0,0.03,0.76,0.03,0
1960,13,0,0,0,0,0,0,0,0,0,0,0,0,0,0,0
1960,14,0.54,0.11,0.22,0.47,0.5,0.11,0.08,0.15,0.44,0.37,1.12,1.08,0.1,0.58,0.74
1960,15,0,0.46,0.09,0,0.04,0.61,0.07,0.37,0.37,0.03,0,0.18,0.27,0,0.08
1960,16,0,0,0,0,0,0,0,0,0,0,0,0,0,0,0
1960,17,0,0,0,0,0,0,0,0,0,0,0,0,0,0,0
1960,18,0,0,0,0,0,0,0,0,0,0,0.01,0,0,0,0
1960,19,0,0,0,0,0,0,0,0,0,0,0,0,0,0,0
1960,20,0,0,0,0,0,0,0,0,0,0,0,0,0,0,0
1960,21,0.26,0.18,0.18,1.97,0.34,0,0.56,0.22,0.28,0.25,0.78,0.45,0,0.98,0.92
1960,22,0,0.49,0.09,0.82,0.79,0.02,0.04,0.57,0.35,0.05,0.1,1.1,0.52,0.19,0.03
1960,23,0,0,0,0,0.01,0,0,0.09,0,0,0,0.02,0.06,0.53,0.64
1960,24,0.39,0.11,0.34,0.96,0.44,0,0.62,0.04,0.22,0.31,0.29,0,0,0,0.3
1960,25,0.56,0.42,0.25,0.97,2.16,0.45,0.91,0.55,0.37,0.12,0.89,0.91,0.82,0.43,0.1
1960,26,0.15,0.22,0.14,0.06,2.1,0.33,0.21,0.13,0.25,0.15,0.16,0.15,0.56,0.3,0.08
1960,27,0.04,0.02,0.01,0.6,0.56,0,0,0.15,0.35,0,0.08,0.02,0.01,0.35,0
1960,28,0,0,0,0,0.12,0,0,0.06,0.03,0,0,0,0,0,0
1960,29,0,0,0,0.27,0,0,0,0,0,0,0,0,0,0.22,0
1960,30,0,0,0,0.09,0.17,0,0,0.04,0,0,0.06,0.02,0.03,0.23,0
1960,31,0,0,0,0.16,0,0,0,0,0,0,0.05,0.01,0,0.13,0
1961,1,0,0,0,0,0,0,0,0,0,0,0,0,0,0,0
1961,2,0,0,0,0,0,0,0,0,0,0,0,0,0,0,0
1961,3,0,0,0,0,0,0,0,0,0,0,0,0,0,0,0
1961,4,0,0,0,0,0,0,0,0,0,0,0,0,0,0,0
1961,5,0,0,0,0,0,0,0,0,0,0,0,0,0,0,0
1961,6,0,0,0,0,0,0,0,0,0,0,0,0,0,0,0
1961,7,0,0,0,0.1,0,0,0,0,0,0,0,0,0,0.02,0
1961,8,0.03,0,0,0.1,0,0,0,0.09,0.18,0.01,0.06,0,0,0.08,0.05
1961,9,0,0,0,0.07,0.03,0,0,0.01,0,0,0.01,0,0,0.07,0
1961,10,0,0,0,0,0,0,0,0,0,0,0,0,0,0,0
1961,11,0,0.01,0,0,0,0,0,0,0,0,0,0,0,0,0
1961,12,0,0.01,0,0,0,0,0,0,0,0,0,0,0,0,0
1961,13,0,0.01,0,0,0,0,0,0.02,0,0,0,0,0,0,0
1961,14,0,0,0,0,0,0,0,0,0,0,0,0,0,0,0
1961,15,0,0,0,0.05,0,0,0,0,0,0,0,0,0,0,0
1961,16,0,0,0,0.02,0,0,0,0,0,0,0,0,0,0,0
1961,17,0,0,0,0,0,0,0,0,0,0,0,0,0,0,0
1961,18,0,0,0,0,0,0,0,0.02,0,0,0,0,0,0,0
1961,19,0,0,0,0,0,0,0,0,0,0,0,0,0,0,0
1961,20,0,0.01,0,0,0,0,0,0,0,0,0,0,0,0,0
1961,21,0,0,0,0,0,0,0,0,0,0,0,0,0,0,0
1961,22,0,0,0,0,0,0,0,0,0,0,0,0.01,0,0,0
1961,23,0.28,0.07,0,0.39,0,0.07,0.07,0.09,0.13,0,0.29,0.04,0,0.36,0.35
1961,24,0,0.15,0,0,0,0.13,0.02,0.04,0,0,0,0,0,0,0
1961,25,0.74,0,0.07,0.47,0,0,0.41,0.8,1.35,0.07,0.48,0.76,0,0.21,0.7
1961,26,1,1.62,0.82,1.11,0.58,0.99,1.81,0.06,0,1.34,1.29,1.25,0.31,0.75,1.83
1961,27,0,0.26,0.22,0.03,0.13,0.05,0.05,0.01,0,0,0.06,0.15,0.22,0.03,0
1961,28,0,0,0,0,0,0,0,0.2,0,0.01,0,0,0.04,0,0
1961,29,0.43,0.18,0.14,2.45,0.27,0.06,0.69,0.71,0.25,0.04,0.46,0.35,0,0.65,1.33
1961,30,0,0.6,0.1,0.95,0.61,0.65,0.05,0.65,0.38,0.01,0.1,0.16,0.13,0.21,0.12
1961,31,0.25,0.77,0.49,1.9,1.95,0.13,0.33,0.15,1.81,0.24,1.62,1.2,0.3,1.36,1.43
1962,1,0,0,0,0,0,0,0,0,0,0,0,0,0,0,0
1962,2,0,0,0,0,0,0,0,0,0,0,0,0,0,0,0
1962,3,0,0,0,0,0,0,0,0,0,0,0,0,0,0,0
1962,4,0,0,0,0,0,0,0,0,0,0,0,0,0,0,0
1962,5,0,0,0,0,0,0,0,0,0,0,0,0,0,0,0
1962,6,0,0,0,0,0,0,0,0,0,0,0,0,0,0,0
1962,7,0,0,0,0,0,0,0,0,0,0,0,0,0,0,0
1962,8,0,0,0,0,0,0,0,0,0,0,0,0,0,0,0
1962,9,0,0,0,0,0,0,0,0,0,0,0,0,0,0,0
1962,10,0,0,0,0,0,0,0,0,0,0,0,0,0,0,0
1962,11,0,0,0,0,0,0,0,0,0,0,0,0,0,0,0
1962,12,0.21,0,0.31,0.25,0.4,0.03,0.1,0.06,0.15,0.08,0.15,0.16,0.05,0.11,0.06
1962,13,0,0.15,0.07,0,0.09,0.05,0,0.16,0,0,0,0,0.19,0,0
1962,14,0,0,0,0,0,0,0,0,0,0,0,0,0,0,0
1962,15,0,0,0,0,0,0,0,0,0,0,0,0,0,0,0
1962,16,0,0,0,0,0,0,0,0,0,0,0,0,0,0,0
1962,17,0,0,0,0,0,0,0,0,0,0,0,0,0,0,0
1962,18,0.1,0,0.05,0.03,0.17,0,0.08,0,0.08,0,0.06,0,0.03,0.26,0
1962,19,1.38,0,0.68,1.47,1.7,0,0.29,0.35,0,0,0.73,1.25,0.52,1.4,1.01
1962,20,0.23,0.75,0.97,0.13,2.25,0.65,0.57,0,1,1.56,0.36,2.19,1.8,0.24,0.46
1962,21,0,0,0.19,0,0.25,0,0.05,NA,0,0.22,0,0.06,0.28,0,0
1962,22,0,0,0,0,0,0,0,NA,0,0.19,0,0.02,0.03,0,0
1962,23,0,0,0,0,0,0,0,0,0,0,0,0,0.01,0,0
1962,24,0,0,0,0,0,0,0,0,0,0,0,0,0,0,0
1962,25,0,0,0,0,0,0,0,0,0,0,0,0,0,0,0
1962,26,0,0,0,0,0,0,0,0,0,0,0,0,0,0,0
1962,27,0,0,0,0,0,0,0,0,0,0,0,0,0,0,0
1962,28,0,0,0,0,0,0,0,0,0,0,0,0,0,0,0
1962,29,0,0,0,0,0,0,0,0,0,0,0,0,0,0,0
1962,30,0,0,0,0,0,0,0,0,0,0,0,0,0,0,0
1962,31,0,0,0,0,0,0,0,0,0,0,0,0,0,0,0
1963,1,0,0,0,0,0,0,0,0,0,0,0,0,0,0,0
1963,2,0,0,0,0,0,0,0,0,0,0,0,0,0,0,0
1963,3,0,0.01,0.07,0,0.09,0,0,0,0,0,0,0,0,0,0
1963,4,0,0,0,0,0,0,0,0,0,0.01,0,0,0.11,0,0
1963,5,0,0,0,0,0,0,0,0,0,0,0,0,0,0,0
1963,6,0,0,0,0,0,0,0,0,0,0,0,0,0,0,0
1963,7,0,0,0,0,0,0,0,0,0,0,0,0,0,0,0
1963,8,0,0.01,0,0,0,0,0,0,0,0,0,0,0,0,0
1963,9,0,0.01,0,0,0,0,0,0,0,0,0,0,0,0,0
1963,10,0,0,0,0,0,0,0,0,0,0,0,0,0,0,0
1963,11,0,0,0,0,0,0,0,0,0,0,0,0,0,0,0
1963,12,0,0,0,0,0,0,0,0,0,0,0,0,0,0,0
1963,13,0,0,0,0,0,0,0,0,0,0,0,0,0,0,0
1963,14,0,0,0,0,0,0,0,0,0,0,0,0,0,0,0
1963,15,0,0,0,0,0,0,0,0,0,0,0,0,0,0,0
1963,16,0,0,0,0,0,0,0,0,0,0,0,0,0,0,0
1963,17,0,0,0,0,0,0,0,0,0,0,0,0,0,0,0
1963,18,0,0,0,0,0,0,0,0,0,0,0,0,0,0,0
1963,19,0,0,0,0,0,0,0,0,0,0,0,0,0,0,0
1963,20,0,0,0,0,0,0,0,0,0,0,0,0,0,0,0
1963,21,0,0,0,0,0,0,0,0,0,0,0,0,0,0,0
1963,22,0,0,0,0,0,0,0,0,0,0,0,0,0,0,0
1963,23,0,0,0,0,0,0,0,0,0,0,0,0,0,0,0
1963,24,0,0.01,0,0,0,0,0,0,0,0,0,0,0,0,0
1963,25,0,0,0,0,0,0,0,0.01,0,0,0,0,0,0,0
1963,26,0,0.01,0,0,0,0,0,0,0,0,0,0,0,0,0
1963,27,0,0,0,0,0,0,0,0,0,0,0,0,0,0.07,0
1963,28,0,0,0,0,0,0,0,0,0,0,0,0,0,0,0.02
1963,29,0.74,0.04,0.08,0.78,0.52,0,0.22,0.11,0.2,0.09,0.42,0.28,0.09,0.63,0.31
1963,30,2.05,1.49,1.73,4.89,4.63,0.57,1.14,1.35,2.47,1.6,2.44,4.65,1.91,3.85,3.86
1963,31,2.05,3.29,1.58,5.08,6.7,0.83,1.33,2.03,2.04,2.71,2.11,2.22,3.62,3.2,5.23
1964,1,0,0,0,0,0,0,0,0.02,0,0,0,0,0,0,0.01
1964,2,0.03,0,0.08,0.03,0.1,0.01,0,0,0.01,0,0.04,0,0.07,0.03,0
1964,3,0,0,0,0,0,0,0,0,0,0,0,0,0,0,0
1964,4,0,0,0,0,0,0,0,0,0,0,0,0,0,0,0
1964,5,0,0,0,0,0,0,0,0,0,0,0,0,0,0,0
1964,6,0.05,0,0,0.03,0,0,0,0,0,0,0.01,0,0,0.15,0
1964,7,0,0,0.2,0.03,0.19,0,0,0,0.04,0,0,0,0.02,0.03,0.02
1964,8,0,0,0,0,0,0,0,0,0.01,0,0,0,0,0,0
1964,9,0.02,0,0,0.08,0,0,0,0,0,0,0.01,0,0,0.2,0
1964,10,0,0,0.19,0,0.3,0,0,0,0,0,0.01,0,0.23,0.02,0
1964,11,0,0,0,0,0,0,0,0,0,0,0,0,0,0,0
1964,12,0,0,0,0,0,0,0,0,0,0,0,0,0,0,0
1964,13,0.2,0,0,0.2,0,0,0,0,0.07,0,0.11,0,0,0.35,0.03
1964,14,0,0.05,0.22,0,0.43,0.08,0.18,0.16,0,0,0,0.1,0.08,0.02,0.05
1964,15,0,0,0,0,0,0,0,0,0,0,0,0,0,0,0
1964,16,0.03,0,0,0.06,0.15,0,0,0.01,0,0,0.1,0,0,0.23,0
1964,17,0.23,0,0.33,0.25,0.78,0.01,0.15,0,0.04,0,0.06,0.2,0.13,0.4,0.15
1964,18,0.35,0.15,0.46,0.1,1.87,0.19,0.24,0.01,0.21,0.01,0.25,0.86,0.61,0.43,0.72
1964,19,0.5,0,0.52,0.42,1.84,0.05,0.08,0.14,0.48,0.04,0.32,1.34,0.69,0.72,0.66
1964,20,1.64,0.21,0.16,2.64,1.67,0.03,0.13,2.76,0.92,0.2,1.53,0.31,0.06,1.84,0.44
1964,21,1.36,2.73,1.55,1.28,3.33,1.19,1.63,0.62,1.14,0.75,1.17,1.85,1.45,0.9,1.91
1964,22,0.46,0.81,1.53,0.36,3.5,0.7,0.28,0.01,0.48,0.79,0.7,0.43,1.16,0.72,0.4
1964,23,0.07,0,0.24,0.03,0.48,0.1,0.02,0.01,0,0.06,0.29,0.24,0.33,0.12,0
1964,24,0,0,0,0.1,0.02,0,0,0,0.05,0,0.01,0,0.02,0.33,0
1964,25,0,0,0,0.09,0.06,0,0,0,0,0,0,0,0.01,0.17,0
1964,26,0,0,0,0.02,0,0,0,0,0,0.02,0,0,0.02,0,0
1964,27,0,0,0,0,0,0,0,0,0,0,0,0,0,0,0
1964,28,0,0,0,0,0,0,0,0,0,0,0.01,0,0,0,0
1964,29,0.02,0,0.02,0.02,0.04,0,0,0,0.01,0,0,0,0,0.11,0
1964,30,0,0.06,0.02,0,0,0.01,0.04,0.07,0,0,0.01,0,0.01,0,0.03
1964,31,0,0,0,0,0,0,0,0,0,0,0,0,0,0,0
1965,1,0,0,0,0,0,0,0,0,0.01,0,0,0.01,0.23,0,0
1965,2,0.43,0,0,1.59,0,0,0.11,0,0,0,0.84,0.24,0,1.03,0.69
1965,3,1.22,1.13,0.38,1.43,1.92,0.06,0.64,0.54,1.24,0.22,0.42,0.97,0.97,0.98,1.59
1965,4,0.49,0.57,0.08,1.19,2.73,0.5,0.26,0.71,0.91,0.76,0.68,0.33,0.5,0.85,0.75
1965,5,0.82,0.34,1.2,3.36,2.56,0.02,0.06,1.46,0.51,0.27,1.55,0.1,0.33,2.69,0.77
1965,6,0.52,1.46,0.3,0.66,4.02,0.21,0.79,1.1,1.26,0.69,0.62,1.15,2.5,1.05,0.7
1965,7,0.02,0.06,0.85,0.08,1.15,0.24,0.28,0.18,0.28,0.38,0.13,0.18,1.25,0.21,0.27
1965,8,0,0,0,0,0,0,0,0,0,0,0,0,0,0,0
1965,9,0,0,0.02,0.01,0.09,0,0.02,0.05,0,0,0,0,0,0.13,0
1965,10,0,0,0,0,0,0,0,0,0,0,0,0,0,0.01,0
1965,11,0.01,0.11,0,0.15,0.28,0,0,0.17,0.04,0,0.05,0.01,0.06,0.09,0.07
1965,12,0,0,0,0,0,0,0,0,0,0,0.01,0,0.08,0,0
1965,13,0,0,0,0,0,0,0,0,0,0,0,0,0,0,0
1965,14,0,0.01,0,0,0,0,0,0.02,0.02,0,0.01,0,0,0,0
1965,15,0,0,0,0,0,0,0,0,0,0,0,0,0,0,0
1965,16,0,0,0,0,0,0,0,0,0,0,0,0,0,0,0
1965,17,0,0,0,0,0,0,0,0,0,0,0,0,0,0,0
1965,18,0,0,0,0,0,0,0,0,0,0,0,0,0,0,0
1965,19,0.11,0,0.41,0.09,0.16,0,0.35,0.02,0.02,0,0.12,0.13,0,0.11,0.15
1965,20,0,0.25,0.02,0,0.04,0.38,0.02,0.07,0.11,0,0,0,0.31,0,0.01
1965,21,0.04,0,0,0,0,0,0,0.01,0,0,0,0.07,0,0,0
1965,22,0.01,0,0,0,0.04,0.03,0,0,0.01,0,0,0.14,0,0,0
1965,23,0.63,0.01,0.03,1.6,0.74,0.01,0.11,0.25,0,0,0.61,0.16,0,1.23,0.72
1965,24,0.23,0.52,0.78,0.16,1.77,0.65,0.21,0.25,0.73,0.18,0.12,0.29,1.4,0.74,0.22
1965,25,0,0,0.01,0.14,0.03,0,0.02,0,0.02,0,0.03,0,0.06,0.15,0.01
1965,26,0,0.02,0,0,0.08,0.01,0,0.02,0.02,0,0,0,0.05,0,0
1965,27,0,0,0,0,0,0,0,0,0,0,0,0,0,0,0
1965,28,0,0,0,0,0,0,0,0,0,0,0,0,0,0,0
1965,29,0,0,0,0,0,0,0,0,0,0,0,0,0,0,0
1965,30,0,0,0,0,0,0,0,0.01,0,0,0,0,0,0,0
1965,31,0,0.02,0,0,0,0,0,0.01,0,0,0,0,0,0,0.02
1966,1,0,0,0,0,0.39,0.05,0,0,0,0,0.02,0,0.62,0.07,0
1966,2,0,0,0,0.04,0,0,0,0,0,0,0,0,0,0.25,0
1966,3,0,0,0,0.55,0,0,0,0,0.02,0.01,0.05,0,0,0.67,0.02
1966,4,1.18,0.04,0.26,4.8,1.4,0,0.03,0.19,0.98,0,1.1,0.1,0.15,3.77,1.18
1966,5,1.49,0.66,0.37,2.68,2.14,0.01,0.15,1,2.75,0,1.82,0.34,0.49,1.63,2.36
1966,6,0,0,0,0.1,0.3,0,0,0.02,0.03,0.01,0,0.01,0.32,0.11,0.05
1966,7,0,0.01,0,0.03,0,0,0,0,0.03,0,0,0,0,0,0
1966,8,0,0,0,0.1,0,0,0,0.11,0,0,0.06,0,0,0.15,0
1966,9,0,0,0,0,0,0,0,0,0,0,0,0,0,0,0
1966,10,0,0,0,0,0,0,0,0,0,0,0.02,0,0,0,0
1966,11,0,0,0,0,0.01,0,0,0.04,0,0,0,0,0,0,0
1966,12,0,0,0,0,0,0,0,0,0,0,0,0,0,0,0
1966,13,0,0,0,0,0,0,0,0,0,0,0,0,0,0,0
1966,14,0,0,0,0,0,0,0,0,0,0,0,0,0,0,0
1966,15,0,0,0,0,0,0,0,0,0,0,0,0,0,0,0
1966,16,0,0,0,0,0,0,0,0,0,0,0,0,0,0,0
1966,17,0,0,0,0,0,0,0,0,0,0,0,0,0,0,0
1966,18,0,0,0,0,0,0,0,0,0,0,0,0,0,0,0
1966,19,0,0,0,0,0,0,0,0,0,0.05,0,0,0,0,0
1966,20,0,0,0,0,0,0,0,0,0,0,0,0,0,0,0
1966,21,0,0,0,0,0,0,0,0,0,0,0,0,0,0,0
1966,22,0.03,0,0.03,0.05,0.18,0,0.02,0,0.02,0,0.12,0,0,0.18,0
1966,23,0,0,0.07,0,0.03,0,0,0,0,0,0,0,0.14,0,0
1966,24,0,0,0,0,0,0,0,0,0,0,0,0,0,0,0
1966,25,0,0,0,0,0,0,0,0,0,0,0,0,0,0,0
1966,26,0,0,0,0,0,0,0,0,0,0,0,0,0,0,0
1966,27,0,0,0,0,0,0,0,0,0,0,0,0,0,0,0
1966,28,0,0,0,0,0,0,0,0,0,0,0,0,0,0,0
1966,29,1.53,0,0.08,1.91,0.18,0,0.17,0,1.14,0,0.84,0.25,0,1.62,0.8
1966,30,0.48,1.19,1.74,1.03,1.75,0.95,1.27,1.14,0.68,1.1,0.85,1.47,0.72,1.3,0.72
1966,31,0.05,0.04,0.15,0.04,0.62,0.04,0,0.02,0.04,0,0.12,0,0.19,0.03,0.01
1967,1,0,0,0,0,0,0,0,0,0,0,0,0,0,0,0
1967,2,0,0,0,0,0,0,0,0.02,0,0,0,0,0,0,0
1967,3,0,0,0,0,0,0,0,0,0,0,0,0,0,0,0
1967,4,0,0,0,0,0,0,0,0.03,0,0,0,0,0,0,0
1967,5,0,0,0.21,0.01,0.28,0,0.04,0,0,0,0,0,0.13,0.01,0
1967,6,0,0,0,0,0,0,0,0,0,0,0,0,0,0,0
1967,7,0,0,0,0,0,0,0,0,0,0,0,0,0,0,0
1967,8,0,0,0,0,0,0,0,0,0,0,0,0,0,0,0
1967,9,0,0,0,0,0,0,0,0,0,0,0,0,0,0,0
1967,10,0,0,0,0,0,0,0,0,0,0,0,0,0,0,0
1967,11,0,0,0,0.02,0.02,0,0,0,0,0,0,0,0,0,0
1967,12,0,0.01,0.05,0.01,0.02,0,0,0.01,0.02,0,0.03,0,0.12,0,0.03
1967,13,0,0,0,0,0,0,0,0,0,0,0,0,0,0,0
1967,14,0,0,0,0,0,0,0,0,0,0,0,0,0,0,0
1967,15,0,0,0,0,0,0,0,0,0,0,0,0,0,0,0
1967,16,0,0,0,0,0,0,0,0,0,0,0,0,0,0,0
1967,17,0,0,0,0,0,0,0,0,0,0,0,0,0,0,0
1967,18,0,0,0,0,0,0,0,0.01,0,0,0,0,0,0,0
1967,19,0,0,0,0,0,0,0,0.01,0,0,0,0,0,0,0
1967,20,2.04,0.28,0.24,3.9,1.53,0.03,0.51,0.46,2.01,0,2.58,0.22,0.16,3.13,1.27
1967,21,3.96,2.14,2.73,4.31,6.9,1.21,2.44,1.4,3.52,0.12,3.6,3,2.76,2.53,5.45
1967,22,0.12,2.18,1.63,0.04,2.23,1.98,1.2,1.72,0.74,1.2,0.36,0.72,2.54,0.01,1.05
1967,23,0,0,0,0.03,0,0,0,0,0,0,0.03,0.02,0,0.01,0.01
1967,24,1.14,1.02,0.76,2,1.47,0.69,0.88,0.7,1.7,1.87,1.7,1.95,0.89,1.13,2.23
1967,25,0.04,0.06,0.13,0.11,0.75,0.48,0.04,0.12,0.04,0.12,0.07,0.14,1.14,0.37,0.07
1967,26,0.28,0,0.33,0.89,1.03,0,0.02,0.17,0.32,0,0.5,0.02,0.27,1.4,0.53
1967,27,0.03,0.22,0.14,0.42,0.29,0.03,0.02,0.53,0.25,0,0.37,0,0.43,0.55,0.07
1967,28,0.89,0.3,0.48,1.48,1.21,0.02,0.26,0.72,0.72,0,0.39,0.28,0.03,0.81,0.8
1967,29,0.91,0.97,1.02,1.49,2.45,0.58,0.62,0.93,1.47,0.03,1.15,0.85,1.74,1.11,0.97
1967,30,0.81,0.56,1.03,1.52,0.96,0.34,0.94,0.83,0.71,0.57,1.81,1.43,0.36,0.37,0.87
1967,31,0.12,0.2,1.62,0.14,1.6,0.78,0.12,0.43,0.15,0.02,0.19,0.11,0.83,0.33,0.03
1968,1,0,0,0,0,0,0,0,0,0,0,0,0,0,0,0
1968,2,0,0.01,0,0,0,0,0,0,0,0,0,0,0,0,0
1968,3,0,0,0,0,0,0,0,0,0,0,0,0,0,0,0
1968,4,0,0,0,0,0,0,0,0,0,0,0,0,0,0,0
1968,5,0,0,0,0,0,0,0,0,0,0,0,0,0,0,0
1968,6,0,0,0,0,0,0,0,0,0,0,0,0,0,0,0
1968,7,0,0.01,0,0,0,0,0,0,0,0,0,0,0,0,0
1968,8,0,0,0,0.18,0.15,0,0,0,0.03,0,0.13,0,0,0.3,0
1968,9,0.18,0.06,0,0.38,0.13,0,0,0.09,0.13,0,0.17,0,0.04,0.24,0.1
1968,10,1.36,1.02,1.25,2.6,2.27,0.54,0.54,1.16,1.15,0.42,1.37,0.6,1,2.11,1.21
1968,11,0,0,0,0.02,0,0,0,0,0,0,0,0,0.22,0,0
1968,12,0,0,0,0,0,0,0,0,0,0,0,0,0,0.01,0
1968,13,0.06,0.05,0,0.28,0,0.01,0.01,0.08,0.1,0,0.14,0,0,0.36,0
1968,14,0.86,0.11,0.05,1.75,0.54,0.2,0.1,0,0.3,0,0.81,0.1,0,2.18,0.15
1968,15,0.28,0.61,1.04,0.49,3.31,0.5,0.39,0.99,0.89,0,0.59,1.1,0.95,0.65,0.74
1968,16,0.01,0,0.06,0.16,0.25,0,0,0.07,0.02,0,0.05,0,0.1,0.47,0
1968,17,0,0,0,0,0,0,0,0,0,0,0,0,0.02,0,0
1968,18,0,0,0,0,0,0,0,0,0,0,0,0,0,0,0
1968,19,0,0,0,0,0,0,0,0,0,0,0,0,0,0,0
1968,20,0,0,0,0,0,0,0,0,0,0,0,0,0,0,0
1968,21,0,0,0,0,0,0,0,0,0,0,0,0,0,0,0
1968,22,0,0,0,0,0,0,0,0,0,0,0,0,0,0,0
1968,23,0,0,0,0,0,0,0,0,0,0,0,0,0,0,0
1968,24,0,0,0,0,0,0,0,0,0,0,0,0,0,0,0
1968,25,0,0,0,0,0,0,0,0,0,0,0,0,0,0,0
1968,26,0.02,0,0,0,0.1,0,0,0,0,0,0.01,0,0,0.06,0.01
1968,27,0.14,0,0.5,0.04,0.99,0.16,0.08,0.01,0,0.4,0.09,0.16,0.33,0.06,0
1968,28,0.17,0,0.07,0.45,0.44,0,0,0,0.05,0,0.1,0.17,0.21,0.36,0.02
1968,29,2.14,0.32,0,3.43,0.77,0,0,0.16,1.91,0,1.06,0.55,0.04,2.18,1.27
1968,30,0.94,2.03,1.4,1.12,3.11,2.52,1.58,1.65,1.9,0,2.06,1.14,1.3,0.42,2.05
1968,31,0,0.29,0.95,0.06,0.38,0,0.45,0.24,0.02,0.37,0,0,1.05,0.18,0.03
1969,1,0.01,0,0,0,0,0,0,0,0,0,0,0,0,0,0
1969,2,0,0,0,0,0,0,0,0,0,0,0,0,0,0,0
1969,3,0,0,0,0,0,0,0,0,0,0,0,0,0,0,0
1969,4,0,0,0,0,0,0,0,0,0,0,0,0,0,0,0
1969,5,0,0,0,0.03,0,0,0,0,0,0,0,0,0,0,0
1969,6,0,0,0,0,0,0,0,0.01,0,0,0,0,0,0,0
1969,7,0,0.02,0,0.02,0,0,0,0,0,0,0,0,0,0,0
1969,8,0,0,0.04,0,0.15,0,0,0,0,0,0,0,0.15,0.03,0
1969,9,0,0,0,0,0,0,0,0,0,0,0,0,0,0,0
1969,10,0,0,0,0,0,0,0.05,0,0,0,0,0,0,0,0
1969,11,0.32,0.25,0.26,2.95,1.42,0.18,0.57,0.61,0.66,0,0.67,0.05,0.09,2.24,0.42
1969,12,0.3,0.06,0.27,3.83,1.62,0,0.08,1,0.31,0,0.34,0,1.2,2.22,0.29
1969,13,1.49,1.36,1.77,3.33,3.13,0.37,1.33,2.47,1.61,0.82,1.73,4.52,0.72,2.14,2.45
1969,14,0.01,0.42,0.73,0,0.53,0,0.16,0.26,0.02,0.59,0,0.3,1.84,0.01,0.01
1969,15,0,0,0,0,0,0,0,0,0,0,0,0,0,0.02,0
1969,16,0,0,0,0,0,0,0,0,0,0,0,0,0,0,0
1969,17,0,0,0,0,0,0,0,0,0,0,0,0,0,0,0
1969,18,1.13,0,0.4,1.17,0.34,0.65,0.52,0,0.43,0.55,0.59,2.4,0,0.78,1.2
1969,19,1.1,2.05,1.62,1.42,4.01,0.91,0.7,1.46,1.41,4.15,0.63,1.66,2.4,1.6,2
1969,20,1.46,1.81,1.13,1.71,6.12,0.2,0.43,0.77,1.31,0.3,0.99,0.82,3.33,1.58,2.25
1969,21,0.86,1.34,2.04,2.21,4.16,0.38,0.41,0.86,0.56,2.31,0.54,0.58,4.03,1.27,1.05
1969,22,0.07,0.06,0.25,0.51,1.62,0.08,0.05,0.69,0.13,0.1,0.25,0.03,1.78,0.11,0.13
1969,23,0.04,0,0.04,0,0.51,0.05,0.03,0.03,0,0.21,0,0.32,0.24,0,0
1969,24,0.1,0.26,0.38,0.24,1.59,0.2,0.3,0.16,0.17,0.81,0.17,0.4,0.28,0.07,0.23
1969,25,0.82,0.72,1.46,0.76,3.5,1.55,0.86,0.42,0.52,2.85,0.31,1.35,1.33,0.84,0.98
1969,26,0.62,0.89,0.68,1.03,3.08,0.65,0.59,0.48,0.59,0.73,0.86,0.6,2.42,0.93,0.7
1969,27,0.25,0.12,0.22,0.34,1.01,0.18,0.05,0.01,0.1,0.07,0.12,0.2,1.08,0.42,0.12
1969,28,0.37,0.01,0.71,0.2,1.38,0.6,0.25,0,0.13,0.36,0.3,0.52,0.67,0.38,0
1969,29,0,0.08,0.02,0.25,0.06,0,0,0,0,0,0,0,0.89,0.06,0
1969,30,0.27,0.15,0.24,0.38,0.65,0.28,0.14,0.19,0.35,0.08,0.22,1.05,0.37,0.41,0.43
1969,31,0,0,0,0,0,0,0,0,0,0,0,0,0,0,0
1970,1,0,0,0,0,0,0,0,0,0,0,0.02,0,0,0,0
1970,2,0,0,0,0,0,0,0,0,0,0,0,0,0,0,0
1970,3,0,0,0,0,0,0,0,0,0,0,0,0,0,0,0
1970,4,0,0,0,0,0,0,0,0,0,0,0,0,0,0,0
1970,5,0,0,0,0,0,0,0,0,0,0,0,0,0,0,0
1970,6,0,0,0,0,0,0,0,0,0,0,0,0,0,0,0
1970,7,0.02,0,0,0.02,0,0,0,0,0,0,0.41,0.03,0,0.14,0
1970,8,0.4,0.04,0.11,1.57,0.46,0.06,0.18,0.01,0.31,0.01,0,0.41,0,0.59,0.42
1970,9,0.57,0.75,0.22,3.51,1.8,0.18,0.51,0.97,0.98,0.5,1.24,1.3,0.57,2.07,1.04
1970,10,0.06,0.48,0.88,0.1,1.89,0.23,0.27,0.47,0.03,0.31,0.12,0.05,1.45,0.4,0.03
1970,11,0.31,0.1,0.15,0.3,0.31,0.34,0.19,0.14,0.11,0.58,0.16,0.54,0.02,0.13,0.26
1970,12,0.06,0.08,0.18,0.45,0.95,0,0.06,0.18,0.04,0.09,0.03,0.41,0,0.54,0.03
1970,13,0.45,0.05,0.31,1.76,2.26,0,0.23,0.39,0.49,0.02,0.31,0.1,0.38,0.61,0.35
1970,14,1.96,1.48,2.25,2.47,3.88,1.18,1.5,1.31,3.55,0.35,2.17,2.32,1.31,2.29,2.81
1970,15,0.72,0.41,0.12,0.53,0.48,0.12,0.17,0.03,0.24,0.08,0.36,0.25,1.52,0.56,0.4
1970,16,1.06,0.9,1.64,2.65,4.02,0.81,0.45,0.82,1.45,1.14,1.62,2.52,1.85,2.03,2.16
1970,17,0.04,0.3,0.27,0.24,2.44,0.17,0.03,0.03,0.59,0.09,1.73,0.11,1.72,0.8,1.16
1970,18,0,0,0.03,0,0.11,0,0,0.02,0,0,0,0,0.33,0,0
1970,19,0.2,0.05,0.08,1.24,1.05,0.01,0.19,0.11,0.53,0,0.17,0.66,0,0.7,0.32
1970,20,1.68,0.1,0.13,1.43,0.59,0.03,0.12,0.35,0.33,0.42,0.38,0.86,0.56,0.92,0.29
1970,21,2.33,1.11,2.26,3.24,4.75,1.1,1.75,1.33,3.33,0,2.54,2.31,1.29,2.57,2.96
1970,22,0.09,0.26,0.02,0.77,1.86,0.02,0.01,0.65,0.15,0.01,0.19,0.07,1.51,0.5,0.05
1970,23,0.59,0,0,2.49,0.54,0,0,0.02,0.23,0,0.37,0,0,4.68,0.05
1970,24,0.13,0.36,0.89,1.34,2.92,0.87,0.22,0.8,0.81,0.1,0.89,0.44,1.15,2.01,0.4
1970,25,0,0.02,0.09,0,0,0,0,0,0,0,0,0.02,0.18,0,0.02
1970,26,0.03,0,0,0.09,0,0,0,0,0,0,0,0,0,0.26,0
1970,27,0.4,0.29,0.41,1,2.81,0.24,0.48,0.48,0.52,0.01,0.58,0.63,1.27,1.67,0.28
1970,28,0,0,0,0,0,0,0,0,0,0,0,0,0.16,0,0
1970,29,0.01,0,0,0,0,0,0,0,0,0,0,0,0,0,0
1970,30,0,0.01,0.02,0.04,0.05,0,0.16,0.02,0.08,0,0.05,0,0,0.02,0
1970,31,0.03,0,0,0,0,0.02,0,0,0,0,0,0,0,0.03,0
1971,1,0.21,0.01,0,0.3,0,0,0,0,0,0,0.05,0,0,0.33,0.03
1971,2,0.01,0.22,0.22,0.08,0,0.18,0.11,0.34,0.26,0,0.33,0.11,0.22,0.21,0.31
1971,3,0,0,0,0,0,0,0,0,0,0,0,0,0,0,0
1971,4,0,0,0,0,0,0,0,0,0,0,0,0,0,0,0
1971,5,0,0,0,0,0,0,0,0,0,0,0,0,0,0,0
1971,6,0,0,0,0,0,0,0,0,0,0,0,0,0,0,0
1971,7,0,0,0,0,0,0,0,0,0,0,0,0,0,0,0
1971,8,0,0,0,0,0,0,0,0,0,0,0,0,0,0,0
1971,9,0,0,0,0,0,0,0,0,0,0,0,0,0,0,0
1971,10,0.06,0,0,0.05,0.65,0,0,0,0.06,0,0,0.1,0.08,0.19,0
1971,11,0.48,0.04,0.27,0.23,1.61,0.12,0.09,0.22,0.69,0.03,0.37,1.13,0.15,0.22,0.25
1971,12,0.38,0.06,0.8,0.73,1.56,0.47,0.28,0.12,0.12,0.54,0.24,0.35,0.62,0.38,0.14
1971,13,0.12,0.2,0.66,0.59,1.69,0.37,0.44,0.35,0.12,0.46,0.11,0.27,0.4,0.65,0.39
1971,14,0.29,0.06,0.12,0.3,1.79,0.03,0.03,0.04,0.03,0.03,0.06,0.48,0.35,0.29,0.08
1971,15,0.01,0,0,0.67,0.01,0,0,0,0.03,0,0.16,0,0,1.15,0.05
1971,16,0.06,0.12,0,1.86,0.46,0.02,0,0.32,0.31,0,0.45,0,0,2.92,0.16
1971,17,0,0.08,0.02,0.12,0.6,0,0,0.2,0.05,0,0.08,0,0.32,0.44,0.02
1971,18,0,0,0,0.02,0.01,0,0,0.01,0,0,0.02,0,0.06,0.04,0
1971,19,0,0.03,0,0,0,0,0,0.02,0.01,0,0,0,0,0,0.01
1971,20,0,0.01,0,0,0,0,0,0,0,0.02,0,0,0,0,0.01
1971,21,0,0,0,0,0,0,0,0,0,0,0,0,0,0,0
1971,22,0,0,0,0,0,0,0,0,0,0,0,0,0,0,0
1971,23,0,0,0,0,0,0,0,0,0,0,0,0,0,0,0
1971,24,0,0,0,0,0,0,0,0,0,0,0,0,0,0,0
1971,25,0,0,0,0,0,0,0,0,0,0,0,0,0,0,0
1971,26,0,0.01,0,0,0,0,0,0,0,0,0,0,0,0,0
1971,27,0,0,0,0,0,0,0,0,0,0,0,0,0,0,0
1971,28,0,0.01,0,0,0,0,0,0.01,0,0,0,0,0,0,0
1971,29,0,0,0,0,0,0,0,0,0,0,0,0,0,0,0
1971,30,0,0,0,0,0,0,0,0,0,0,0,0,0,0,0
1971,31,0,0.01,0,0,0,0,0,0,0,0,0,0,0,0,0
1972,1,0,0,0,0,0,0,0,0,0,0,0,0,0,0,0.01
1972,2,0,0,0,0,0,0,0,0,0,0,0,0,0,0,0
1972,3,0,0,0,0,0,0,0,0,0,0,0,0,0,0,0
1972,4,0,0,0,0,0,0,0,0,0,0,0,0,0,0,0
1972,5,0,0,0,0,0,0,0,0,0,0,0,0,0,0,0
1972,6,0,0,0,0,0,0,0,0,0,0,0,0,0,0,0
1972,7,0,0,0,0,0,0,0,0,0,0,0,0,0,0,0
1972,8,0,0,0,0,0,0,0,0,0,0,0,0,0,0,0
1972,9,0,0,0,0,0,0.02,0,0,0,0,0,0,0,0,0
1972,10,0,0,0,0,0,0,0,0,0,0,0,0,0,0,0
1972,11,0,0,0,0,0,0,0,0,0,0,0,0,0,0,0
1972,12,0,0,0,0,0,0,0,0,0,0,0,0,0,0,0
1972,13,0,0,0,0,0,0,0,0,0,0,0,0,0,0,0
1972,14,0,0,0,0,0,0,0,0,0,0,0,0,0,0,0
1972,15,0,0,0,0,0,0,0,0,0,0,0,0,0,0,0
1972,16,0,0,0,0,0,0,0,0,0,0,0,0,0,0,0
1972,17,0,0,0,0,0,0,0,0,0,0,0,0,0,0,0
1972,18,0,0,0,0,0,0,0,0,0,0,0,0,0,0,0
1972,19,0,0,0,0.12,0.03,0,0,0.05,0,0,0,0,0,0.4,0
1972,20,0.01,0.02,0.05,0.18,0.33,0.01,0.01,0.14,0.1,0,0.06,0,0.03,0.05,0.01
1972,21,0.1,0,0,0.13,0.36,0,0,0,0.05,0.01,0.2,0,0.05,0.8,0
1972,22,0.44,0,0,0.06,0.69,0,0,0,0.06,0,0.02,0.02,0,0.24,0
1972,23,0.08,0.03,0.36,0.22,2.46,0.09,0.16,0.05,0.14,0,0.16,0.26,1,0.82,0.15
1972,24,0,0,0,0,0,0,0.01,0,0,0,0,0,0.12,0,0
1972,25,0.22,0.07,0.19,0.62,0.54,0.05,0.06,0.12,0.4,0,0.45,0.48,0,0.44,0.28
1972,26,0.09,0.11,0.25,0.04,0.41,0.09,0,0.05,0,0.05,0.1,0.2,0.5,0.01,0.03
1972,27,0.71,0.73,1.06,0.65,1.34,0.61,0.39,0.83,0.14,1.16,0.68,0.75,0.28,0.82,0.97
1972,28,0,0.01,0.2,0,0.17,0.03,0.01,0.01,0.04,0.13,0,0.08,0.9,0,0.02
1972,29,0,0,0,0,0,0,0,0,0,0,0,0,0,0,0
1972,30,0,0,0,0,0,0,0,0,0,0,0,0,0,0,0
1972,31,0,0,0,0,0,0,0,0,0,0,0,0,0,0,0
1973,1,0,0,0,0,0,0,0,0,0,0,0,0,0,0,0
1973,2,0,0,0,0,0,0,0,0,0,0,0,0,0,0,0
1973,3,0,0,0.08,0,0.92,0,0,0,0,0.06,0,0,0.16,0,0
1973,4,0,0,0,0,0.29,0,0,0,0,0.02,0,0,0.02,0,0
1973,5,0,0,0,0,0,0,0,0,0,0,0,0,0,0,0
1973,6,0,0,0,0,0,0,0,0,0,0,0,0,0,0,0
1973,7,0,0,0,0,0,0,0,0,0,0,0,0,0,0,0
1973,8,1.18,0.04,0.1,1.26,0.37,0.54,0.27,0.06,0.88,0.25,0.92,1.55,0,0.96,1.01
1973,9,1.52,1.59,1.57,2.43,1.97,1.34,1.32,1.49,1.35,1.56,1.06,1.5,0.63,1.63,1.65
1973,10,0.01,0.34,0.4,0.03,0.97,0.05,0.04,0.32,0.07,0.3,0.02,0.04,0.38,0.24,0.04
1973,11,1.76,0.35,1.04,2.8,2.21,0.34,0.48,0.87,1.76,0.01,1.92,0.69,0.18,2.01,1.4
1973,12,1.75,0.86,2.04,1.88,2.61,0.03,0.71,1.11,1.61,0,1.85,0.18,1.89,1.32,0.97
1973,13,0,0.36,0.1,0.01,0.12,0.02,0.03,0.43,0.02,0.02,0.36,0.01,0.07,0.04,0.01
1973,14,0,0.02,0,0,0,0,0,0,0,0.01,0,0,0,0.04,0.05
1973,15,0.02,0,0,1,0,0,0,0.01,0.24,0,0,0.01,0,0.49,0.14
1973,16,2.59,1.56,2.14,3.84,4.11,0.93,1.19,1.63,1.8,0.99,1.75,0.87,0.79,1.9,4.42
1973,17,0.84,0.46,0.23,0.43,0.54,0.17,0.26,0.35,0.13,0.11,0.21,0.2,0.92,0.67,0.21
1973,18,1.69,1.11,0.8,2.7,2.06,1.16,0.96,1.07,1.47,2.51,2.04,0.72,0.73,1.21,1.62
1973,19,0,0.24,0.09,0,0.47,0,0,0.03,0,0.15,0,0.04,0.96,0.14,0
1973,20,0.01,0,0,0,0,0,0,0,0,0,0,0,0,0,0
1973,21,0.17,0.28,0.1,0.41,0.39,0.29,0.13,0.35,0.22,0,0.27,0.18,0.1,0.53,0.5
1973,22,0,0,0,0,0,0,0,0,0,0,0.02,0,0,0,0
1973,23,0,0.01,0,0,0,0,0,0,0,0,0,0,0,0,0
1973,24,0.2,0,0,0.22,0,0,0,0,0,0,0,0,0,0.5,0
1973,25,0,0.21,0.44,0.1,0.58,0.22,0.33,0.58,0.17,0.14,0.01,0.22,0.03,0.15,0.19
1973,26,0,0.05,0.08,0,0.09,0,0.04,0.1,0,0,0,0,0.05,0,0
1973,27,0,0,0,0,0,0,0,0,0,0,0,0,0,0,0
1973,28,0,0,0,0,0,0,0,0,0,0,0,0,0,0,0
1973,29,0.5,0.13,0.34,1.05,0.22,0.14,0.07,0.06,0.5,0.17,0.49,0.38,0,0.7,0.23
1973,30,0.16,1.05,0.92,0.21,1.06,0.27,0.23,0.91,1.04,0.24,0.32,1.25,0.55,0.02,0.88
1973,31,0.07,0,0.17,0.02,0.32,0,0.04,0,0.11,0,0.03,0,0.05,0.07,0.04
1974,1,0,0.08,0.54,0,0.39,0.12,0.22,0.15,0,0.09,0,0.45,0.39,0,0.07
1974,2,0,0,0,0,0,0,0,0,0,0,0,0,0,0,0.01
1974,3,1.15,0,0,1.24,0,0.06,0,0,0.65,0,2.06,1.7,0,0.7,0.01
1974,4,0.09,0.77,0.17,0.04,0.19,0.11,0.23,0.1,1.61,1.75,0.68,0.65,0.1,0.01,1.1
1974,5,0.46,0.04,0.38,0.07,0.62,0.1,0.09,0.03,0.11,0.6,0.11,0.25,0.06,0.07,0.02
1974,6,0.3,0.09,1.29,0.13,1.96,0.1,0.1,0.1,0.11,1.08,0.19,0.31,0.4,0.05,0.12
1974,7,0.1,0.66,0.09,0,0.08,0.28,0.62,0.32,0.03,1.92,0.02,0.42,0.51,0.02,0.37
1974,8,0,0,0,0,0,0,0,0,0,0.32,0,0,0,0,0
1974,9,0,0,0,0,0,0,0,0,0,0,0,0,0,0,0
1974,10,0,0,0,0,0,0.01,0,0,0,0,0,0,0,0,0
1974,11,0.15,0.01,0,0.12,0,0,0.13,0,0.25,0.02,0.07,0.08,0,0.07,0.23
1974,12,0,0.53,0.22,0.43,1.02,0.1,0.26,0.55,0.03,0.12,0.06,0.26,0.09,0.09,0.25
1974,13,0,0,0,0.16,0.43,0,0,0.01,0,0,0,0,0.02,0.22,0
1974,14,0.48,0,0.13,2.37,1,0,0.08,0.01,0.58,0.01,0.58,0,0.11,1.75,0.33
1974,15,0,0.44,0.28,1.1,2.35,0.02,0.09,0.62,0.19,0,0.19,0,0.08,1.46,0.18
1974,16,0.76,0,0.2,2.87,0.86,0.17,0.08,0,0.7,0.17,0.74,0.57,0.1,5.66,0.72
1974,17,0.05,0.5,0.66,0.01,1.93,0.14,0.15,1.03,0.3,0.24,0.07,0.52,1.19,0.01,0.46
1974,18,0.29,0.13,0.28,1.26,1.22,0.08,0.16,0.23,0.22,0.01,0.13,0.46,0.07,0.55,0.22
1974,19,0.1,0.05,0.1,0.04,1.49,0.08,0.05,0.24,0.01,0.01,0.03,0.25,0.85,0.15,0.03
1974,20,0,0,0.01,0,0.01,0,0,0,0,0.05,0,0,0.11,0,0
1974,21,0,0,0,0,0.28,0,0,0,0,0,0,0,0.06,0,0
1974,22,0,0,0,0,0,0,0,0,0,0,0,0,0,0,0
1974,23,0,0,0,0,0,0,0,0,0,0,0,0,0,0,0
1974,24,0,0,0,0,0,0,0,0,0,0,0,0,0,0,0
1974,25,0,0,0,0,0,0,0,0,0,0,0,0,0,0,0
1974,26,0,0,0,0,0,0,0,0,0,0,0,0,0,0,0
1974,27,0,0,0,0,0,0,0,0,0,0,0,0,0,0,0
1974,28,0,0,0,0,0,0,0,0,0,0,0,0,0,0,0
1974,29,0,0,0,0,0,0,0,0,0,0,0,0,0,0,0
1974,30,0,0,0,0,0,0,0,0,0,0,0,0,0,0,0
1974,31,0.19,0,0,0.83,0.32,0.13,0.16,0,0.17,0,0.37,0.07,0.02,0.75,0.08
1975,1,0,0,0,0,0,0,0,0,0,0,0,0,0,0,0
1975,2,0,0,0,0,0,0,0,0,0,0,0,0,0,0,0
1975,3,0,0,0,0,0,0,0,0,0,0,0,0,0,0,0
1975,4,0.01,0,0.19,0.08,0.57,0.01,0.05,0,0.06,0,0.08,0.05,0.24,0.28,0
1975,5,0,0,0,0.15,0.17,0,0.02,0,0.02,0,0.05,0,0,0.57,0
1975,6,0.64,0.11,1.42,0.69,1.77,0.51,0.39,0.5,0.96,0,0.79,0.53,0.5,1.33,0.51
1975,7,0.17,0,0.22,0.03,0.83,0.01,0.04,0.04,0,0,0.02,0,0.45,0.1,0
1975,8,0.12,0.02,0.7,0.19,2.02,0.26,0.18,0.05,0.31,0.01,0.2,0.45,0.51,0.81,0.12
1975,9,0,0,0.03,0,0.19,0.01,0,0,0,0,0,0,0.44,0.06,0
1975,10,0,0.01,0.01,0.17,0.18,0.04,0.08,0.03,0.04,0,0.12,0,0,0.22,0
1975,11,0,0.01,0,0,0,0,0,0,0,0,0,0,0,0,0
1975,12,0,0,0,0,0,0,0,0,0,0,0,0,0,0,0
1975,13,0,0.01,0,0,0,0,0,0,0,0,0,0,0,0,0
1975,14,0,0,0,0,0,0,0,0.03,0,0,0,0,0,0,0
1975,15,0,0.02,0,0,0,0,0,0.01,0,0,0,0,0,0,0
1975,16,0,0.01,0,0,0,0,0,0.02,0,0,0,0,0,0,0
1975,17,0,0,0,0,0,0,0,0.01,0,0,0,0,0,0,0
1975,18,0,0.01,0,0,0,0,0,0,0,0,0,0,0,0,0
1975,19,0,0,0,0,0,0,0,0,0,0,0,0,0,0,0
1975,20,0,0.01,0,0,0,0,0,0,0,0,0,0,0,0,0
1975,21,0,0,0,0,0,0,0,0,0,0,0,0,0,0,0
1975,22,0,0,0,0,0,0,0,0,0,0,0,0,0,0,0
1975,23,0,0.01,0,0,0,0,0,0,0,0,0,0,0,0,0
1975,24,0,0,0,0,0,0,0,0.02,0,0,0,0,0,0,0
1975,25,0,0.01,0.08,0,0,0,0,0,0,0,0.05,0,0,0,0
1975,26,0,0,0,0,0.21,0,0,0,0,0,0.05,0.05,0,0.02,0.1
1975,27,0.09,0,0,0,0,0,0,0,0,0,0,0,0.01,0,0
1975,28,0,0,0,0.02,0,0,0,0,0.05,0,0.03,0,0,0,0.01
1975,29,0,0,0.06,0,0.05,0,0.17,0.02,0,0,0,0.03,0,0,0
1975,30,0,0,0,0,0,0,0,0,0,0,0,0.17,0,0,0
1975,31,1.13,0,0,1.39,0.1,0,0,0,0.95,0,0.58,0,0,1.07,0.75
1976,1,0,0,0,0,0,0,0,0,0,0,0,0,0,0,0
1976,2,0,0,0,0,0,0,0,0,0,0,0,0,0,0,0
1976,3,0,0,0,0,0,0,0,0,0,0,0,0,0,0,0
1976,4,0,0,0,0,0,0,0,0,0,0,0,0,0,0,0
1976,5,0,0,0.02,0.03,0.33,0,0.01,0,0.03,0,0.01,0.05,0.02,0.11,0
1976,6,0,0,0,0,0,0,0,0,0,0,0,0,0.06,0,0
1976,7,0,0,0,0,0,0,0,0,0,0,0,0,0,0,0
1976,8,0,0,0,0,0,0,0,0,0,0,0,0,0,0.03,0
1976,9,0.29,0.24,0.36,0.38,0.95,0.3,0.21,0.68,0.31,0,0.31,0.27,0.12,0.35,0.32
1976,10,0,0.1,0,0,0,0,0,0.04,0,0,0,0,0.15,0,0
1976,11,0,0.01,0,0,0,0,0,0.01,0,0,0,0,0,0,0
1976,12,0,0.01,0,0,0,0,0,0,0,0,0,0,0,0.01,0.01
1976,13,0,0,0,0,0,0,0,0,0,0,0,0,0,0,0
1976,14,0,0,0,0,0,0,0,0,0,0,0,0,0,0,0
1976,15,0,0,0,0,0,0,0,0,0,0,0,0,0,0,0
1976,16,0,0.01,0,0,0,0,0,0,0,0,0,0,0,0,0
1976,17,0,0.01,0,0,0,0,0,0,0,0,0,0,0,0,0
1976,18,0,0,0,0,0,0,0,0.02,0,0,0,0,0,0,0
1976,19,0,0,0,0,0,0,0,0,0,0,0,0,0,0,0
1976,20,0,0,0,0,0,0,0,0,0,0,0,0,0,0,0
1976,21,0,0,0,0,0,0,0,0,0,0,0,0,0,0,0
1976,22,0,0,0,0,0,0,0,0,0,0,0,0,0,0,0
1976,23,0,0,0,0,0,0,0,0,0,0,0,0,0,0,0
1976,24,0,0,0,0,0.1,0,0,0,0,0,0,0,0.15,0,0
1976,25,0,0,0,0,0,0,0,0,0,0,0,0,0,0,0
1976,26,0,0,0,0,0,0,0,0,0,0,0,0,0,0,0
1976,27,0,0,0,0,0,0,0,0,0,0,0,0,0,0,0
1976,28,0,0,0,0,0,0,0,0,0,0,0,0,0,0,0
1976,29,0,0,0,0,0,0,0,0,0,0,0,0,0,0,0
1976,30,0,0,0,0,0,0,0,0,0,0,0,0,0,0,0
1976,31,0,0,0,0,0,0,0,0,0,0,0,0,0,0,0
1977,1,0.12,0.01,0,0.22,NA,0.01,0,0,0.1,0,0.37,0,0.3,0.23,0.02
1977,2,1.04,0.25,0.52,1.82,NA,0.24,0.33,0.73,1.12,0.36,0.82,0.35,0.18,1.52,1.82
1977,3,0.13,0.98,1.21,0.16,2.21,0.59,0.38,0.81,0.12,0.5,0.08,1.04,0.35,0.49,0.19
1977,4,0,0,0.02,0,0.07,0,0,0.07,0,0,0,0.28,0,0,0
1977,5,0,0,0,0,0.03,0.04,0.03,0,0,0.22,0,0,0.19,0,0
1977,6,0,0,0,0,0,0,0,0,0,0.25,0,0.01,0,0,0
1977,7,0,0,0,0,0,0,0,0,0,0.14,0,0,0,0,0
1977,8,0,0,0,0,0,0,0,0,0,0,0,0,0,0,0
1977,9,0,0,0,0,0,0,0,0,0,0,0,0,0,0,0
1977,10,0,0,0,0,0,0,0,0,0,0,0,0,0,0.03,0
1977,11,0,0,0,0,0,0,0,0,0,0,0,0,0,0,0
1977,12,0.13,0.03,0.02,0.33,0.14,0.24,0.45,0.16,0.41,0,0.51,0.07,0,0.22,0.23
1977,13,0,0.01,0,0,0,0,0,0,0,0,0,0,0,0,0
1977,14,0,0.01,0,0,0,0,0,0,0,0,0,0,0,0,0
1977,15,0,0,0,0,0,0,0,0,0,0,0,0,0,0,0
1977,16,0,0.01,0,0,0,0,0,0,0,0,0,0,0,0,0
1977,17,0,0,0,0,0,0,0,0,0,0,0,0,0,0,0
1977,18,0,0,0,0,0,0,0,0,0,0,0,0,0,0,0
1977,19,0,0,0,0,0,0,0,0,0,0,0,0,0,0,0
1977,20,0,0,0,0,0,0,0,0,0,0,0.02,0,0,0,0
1977,21,0.02,0,0.01,0,0.13,0.03,0.04,0,0,0,0,0,0,0,0.02
1977,22,0,0.03,0,0,0.12,0,0.01,0.01,0,0,0,0,0.05,0,0
1977,23,0,0,0,0,0,0,0,0,0,0,0,0,0,0,0
1977,24,0,0,0,0,0,0,0,0,0,0,0,0,0,0,0
1977,25,0,0,0,0,0,0,0,0,0,0,0,0,0,0,0
1977,26,0,0,0,0,0,0,0,0,0,0,0,0,0,0,0
1977,27,0,0,0,0,0,0,0,0,0,0,0,0,0,0,0
1977,28,0,0.01,0,0,0,0,0,0.02,0,0,0,0,0,0,0
1977,29,0,0,0,0,0,0,0,0,0,0,0,0,0,0,0
1977,30,0,0,0,0,0,0,0,0,0,0,0,0,0,0,0
1977,31,0,0,0,0,0,0,0,0,0,0,0,0,0,0,0
1978,1,0.12,0,0,0.1,0,0,0.05,0,0.03,0,0.08,0,0,0.28,0.02
1978,2,0.25,0.05,0.01,0.45,0.1,0.09,0.05,0.02,0.13,0.01,0.34,0.02,0.06,0.9,0.17
1978,3,0,0.18,0.15,0.04,0.81,0.12,0.02,0.16,0.1,0.61,0,0.78,0.04,0.05,0.11
1978,4,0.63,0.17,0.21,0.37,1,0.18,0.4,0.17,1.32,0.09,1.5,0.07,0.06,1.19,0.58
1978,5,1.55,1.17,0.7,2.77,5.01,1.15,0.8,1.5,1.01,0.42,2.38,0.32,1.1,1.96,1.24
1978,6,0,0.91,1.33,0.08,1.64,0.1,0.12,0.6,0.35,0.65,0,2.09,1.46,0.13,0.16
1978,7,0,0.01,0,0,0,0,0,0,0.01,0,0,0.27,0,0,0
1978,8,0.02,0.05,0.02,0.78,0.21,0.03,0.16,0.11,0.06,0,1.59,0.02,0,0.35,0.05
1978,9,0.83,0.98,1.51,2.9,2.15,0.69,1.38,0.98,1.18,0.68,0.01,1.71,0.22,2.15,1.05
1978,10,0,0.17,0.17,0,0.32,0.06,0.01,0.19,0.03,0.31,0,0.32,0.29,0.05,0
1978,11,0,0,0,0.12,0.26,0,0,0,0,0.01,0.08,0.02,0,0.1,0
1978,12,0.37,0,0,0.71,0,0.27,0.29,0,0.51,0.02,0.36,0,0,0.22,0.49
1978,13,1.23,0.44,0.29,1.22,0.24,0.02,0.25,0.45,0.12,0.02,1.15,0.24,0.03,0.82,0.38
1978,14,1.29,1.2,1.51,4.1,2.5,0.67,1.23,1.57,1.4,0.4,1.51,1.8,0.16,1.78,1.68
1978,15,0.69,1.35,1.33,1.08,2.12,0.73,0.88,1.44,1,1,1.26,0.92,0.9,1.65,1.3
1978,16,1.15,0.94,0.29,2.78,2.6,0.44,0.32,0.77,1.9,1.2,1.4,1.39,0.93,2.14,1.73
1978,17,0.02,1.22,1.63,0.53,1.82,0.48,0.4,0.95,0.2,0.04,0.1,0.62,1.42,0.77,0.2
1978,18,0.81,0,0.02,0.73,0,0,0.04,0,0.12,0,0.75,0,0.06,0.4,0.11
1978,19,0.32,0.85,0.43,0.37,1.05,0.37,0.36,0.5,0.7,0.24,0.07,0.75,0.32,0.41,0.79
1978,20,0,0,0,0,0,0.03,0,0,0,0,0,0.06,0,0,0
1978,21,0,0,0,0.01,0,0.01,0,0,0,0,0,0,0,0.02,0
1978,22,0,0,0,0,0,0,0,0,0,0.07,0,0,0,0,0
1978,23,0,0,0,0,0,0,0,0,0,0,0,0,0,0,0
1978,24,0,0,0,0,0,0,0,0,0,0,0,0,0,0,0
1978,25,0,0,0,0,0,0,0,0,0,0,0,0,0,0,0
1978,26,0,0,0,0,0,0,0,0,0,0,0,0,0,0,0
1978,27,0,0,0,0,0,0,0,0,0,0,0,0,0,0,0
1978,28,0,0,0,0,0,0,0,0,0,0,0,0,0,0,0
1978,29,0,0,0,0,0,0,0,0,0,0,0,0,0,0,0
1978,30,0,0,0,0,0,0,0,0.01,0,0,0,0,0,0,0
1978,31,0,0,0,0,0,0,0,0,0,0,0,0,0,0,0
1979,1,0,0,0,0,0,0,0.01,0,0,0,0,0,0,0,0
1979,2,0,0,0,0,0,0,0,0,0,0,0,0,0,0,0
1979,3,0.11,0,0,0.08,0,0,0,0,0,0,0.18,0,0,0,0
1979,4,0.01,0.13,0.03,0.12,0.16,0.05,0.04,0.09,0.19,0,0.02,0,0.06,0.27,0.01
1979,5,0,0.08,0.13,0.22,0,0.23,0.22,0.01,0.06,0.41,0,0.13,0,0.03,0.09
1979,6,0,0,0,0,0,0,0,0,0,0.01,0.02,0.04,0.03,0,0
1979,7,0.19,0,0.1,0.58,0.23,0.23,0.23,0,0.41,0,0.7,0.1,0,0.49,0.38
1979,8,1.75,0.54,1.12,2.45,1.55,0.99,0.87,0.57,1.47,0.06,1.76,0.49,0,1.02,1.43
1979,9,0.24,1.02,0.21,0.43,0.25,0.04,0.06,1.15,0.12,0.98,0.01,2,0.28,0.32,0.08
1979,10,0.98,0.01,0.01,0.91,0.27,0,0.16,0,0.05,0,4.06,0.04,0,1.21,0.01
1979,11,1.79,1.22,3.69,2.87,4.8,1.23,2.27,1.29,4.77,0.01,0.5,2.61,0.76,4.26,2.48
1979,12,0,0.14,0.07,0.02,0.97,0.04,0,0.05,0,0.04,0.01,1.45,0.24,0.14,0
1979,13,0,0,0,0,0,0,0,0,0,0,0.94,0,0,0.14,0
1979,14,1.71,0.76,0.5,2.1,1.46,0.34,0.43,0.69,1.5,0.55,1.66,1.42,0.31,1.01,1.17
1979,15,0.7,1.05,0.29,0.86,2.13,1.17,1,0.65,0.68,1.05,0.06,0.92,0.72,0.47,1.03
1979,16,0,0.12,0.03,0,0.1,0,0.04,0.06,0,0.04,0,0.2,0.15,0,0
1979,17,0.28,0,0,0.1,0,0.04,0,0,0.08,0.04,0.06,0,0,0.15,0.05
1979,18,0,0.31,0.58,0.02,0.09,0.14,0.34,0.25,0,0.25,0,0.12,0,0.06,0
1979,19,0,0,0,0,0,0,0.02,0,0,0,0,0,0,0,0
1979,20,0,0,0,0,0,0,0,0,0,0,0,0,0,0,0
1979,21,0,0,0,0,0,0,0,0,0,0,0,0,0,0,0
1979,22,0,0.01,0,0,0,0,0,0,0,0,0,0,0,0,0
1979,23,0,0,0,0,0,0,0.02,0.01,0,0,0,0,0,0,0
1979,24,0,0,0,0,0,0,0,0,0,0,0,0,0,0,0
1979,25,0,0,0.28,0,0.12,0,0.02,0,0,0,0,0.02,0.06,0,0
1979,26,0,0,0,0,0,0,0,0,0,0,0,0,0,0,0
1979,27,0,0,0,0,0,0,0,0,0,0,0,0,0,0,0
1979,28,0,0,0,0,0.1,0,0,0,0,0,0,0,0,0,0
1979,29,0,0,0,0,0,0,0,0,0,0,0.02,0,0,0,0
1979,30,0.45,0,0.09,0.23,0,0.02,0.05,0,0.97,0.12,0.45,0,0,0.17,0.2
1979,31,0.01,0.6,0.3,0,0.38,0,0.05,0.43,0.04,1.14,0,0.52,0.29,0.01,0.22
1980,1,0,0.15,0.54,0,0.22,0.05,0.02,0.1,0.01,0.03,0,0.05,1.24,0,0.01
1980,2,0.01,0,0,0,0,0,0.01,0.02,0.01,0,0,0,0,0,0
1980,3,0.01,0,0,0,0,0,0,0.01,0,0,0,0,0,0.01,0
1980,4,0,0,0,0.02,0,0,0,0,0.05,0,0.02,0,0,0.01,0.01
1980,5,0,0.03,0,0,0,0,0,0.03,0.01,0,0,0,0,0.02,0
1980,6,0,0,0.03,0,0,0,0,0,0,0,0,0,0,0,0
1980,7,0,0,0,0,0.04,0,0,0,0,0,0,0,0,0,0
1980,8,0.05,0,0,0,0.16,0,0,0,0,0,0.24,0,0.06,0,0
1980,9,0.62,0.17,0.52,0.11,2.19,0.34,0.35,0.11,0.62,0.31,0.32,0.61,0.06,0.14,0.74
1980,10,0.33,0.72,1.12,0.08,1.58,0.07,0.55,0.41,0.01,0.77,1.21,0.59,1.82,0.2,0.05
1980,11,2.19,1.28,0.74,1.31,1.45,0.89,0.8,0.6,1.01,1.51,1.51,1.82,0.77,0.78,1.6
1980,12,0.14,1.09,2.12,2.5,7.1,0.66,0.77,1.03,1.96,0.34,0.77,4.14,3.49,3.17,1.83
1980,13,0.86,0.51,0.82,2.43,5.48,0.96,0.3,0.07,1.73,0.61,0.59,0.71,3.02,2.58,1.77
1980,14,0.06,0.19,2.04,0.81,2.69,0.81,0.37,0.32,0.93,0.54,0.46,0.97,2.25,0.71,0.09
1980,15,0.19,0.13,0.37,0.29,1.7,0.18,0.15,0.22,0.3,0.06,0.34,0.21,0.47,0.12,0.32
1980,16,0.18,0.57,0.29,1.11,2.38,0.06,0.1,1.03,0.33,0.07,0.35,0.5,0.88,1.05,0.61
1980,17,0.48,0.06,0.91,0.13,0.54,0.14,0.61,0.21,0.48,0.03,0.08,0.25,0.51,0.04,0.33
1980,18,0,0.15,0.08,0,0.07,0,0,0.4,0,0,0,0.12,0.13,0,0
1980,19,0,0,0,0,0,0,0,0,0,0,0,0,0,0,0
1980,20,0,0,0,0,0,0,0,0,0,0,0,0,0,0,0
1980,21,0,0,0,0,0,0,0,0,0,0,0,0,0,0,0
1980,22,0,0,0,0,0,0,0,0,0,0,0,0,0,0,0
1980,23,0,0,0,0,0,0,0,0,0,0,0,0,0,0,0
1980,24,0,0,0,0,0,0,0,0.01,0,0,0,0,0,0,0
1980,25,0,0,0,0.02,0,0,0,0,0,0,0,0,0,0,0
1980,26,0,0,0,0.01,0,0,0,0,0,0,0,0,0,0,0
1980,27,0,0,0,0,0.28,0,0,0,0,0,0,0,0,0,0
1980,28,0,0.02,0.4,0,0.7,0,0.02,0,0,0.02,0,0,0.12,0,0
1980,29,0,0,0.08,0,0,0,0,0,0,0.18,0,0,0.07,0,0
1980,30,0,0,0,0,0,0,0,0,0,0,0,0,0,0,0
1980,31,0,0,0,0,0,0,0,0,0,0,0,0,0,0,0
